elec,dhw,occ,gains
1800.8562111705019,63.07651888401984,124.0,9274.282549686268
3592.96960124137,0.0,124.0,9885.318822143681
2923.6676115247415,1017.2603552186505,124.0,9674.332641684221
2961.8305766310077,407.25754235006093,124.0,9696.122901998519
3214.3883556223636,0.0,124.0,9740.748157355381
3075.1678080379247,6533.226875526473,124.0,9694.805376652517
2701.37794186546,19005.046973179687,124.0,9629.93097567684
11430.579506247712,34897.719984392344,124.0,13026.414551908632
12906.352805630038,15152.121726058434,41.0,7992.779632868032
12254.368681160566,7588.689191971384,31.0,7071.272419304395
10743.134551944619,3196.798700890051,22.0,5582.955195945809
8691.288151529743,4369.492327554832,21.0,4753.491007384514
9853.568727326794,2771.76969558214,21.0,4840.13226843537
7197.590937817226,3840.2570862465586,20.0,3829.250602543671
6659.79340875795,3283.2032932386082,21.0,3757.6802417316544
11921.181525884453,11005.085583268958,40.0,7163.859802670384
11379.97247750067,9292.274695773542,53.0,8229.467097942108
23739.046659684107,6168.387532373978,74.0,14099.543848322031
17460.043828487633,7942.609113134111,78.0,12511.087177164007
17792.406427890557,11688.98774513985,74.0,12333.735694983447
25400.211383931633,12151.127331803847,84.0,15577.754728041391
26605.71465991148,8044.3401959241855,124.0,18920.927548501353
22417.388047732813,6202.659827076325,124.0,17284.63984219136
12712.77932034663,2080.267311514636,124.0,13735.274771724027
1878.121736857821,573.8057211691263,124.0,9324.505141383024
2401.147761955571,0.0,124.0,9479.880192666165
3027.578591192191,0.0,124.0,9679.100935093426
3089.087571827636,228.92699069419734,124.0,9701.920931967865
2739.1766081357437,714.9250573440094,124.0,9631.927882159944
5435.419475317978,11498.338411835617,124.0,10509.736884472226
7800.565281899192,29659.126208876343,124.0,11482.673825864267
9953.958982475206,29241.17049634061,124.0,12407.501047990949
19012.778189628105,14717.309558025343,36.0,9715.32598687378
14924.088032428192,8992.71871268034,38.0,8247.177262121042
6241.064400753493,4184.6787206075805,31.0,5015.800828484756
10418.631268318886,5498.213077623181,27.0,5742.1868949626705
5638.477642885889,8028.53550501433,34.0,4411.759554581143
9659.293931804841,4773.520720004446,31.0,5438.27859158562
12971.652604223662,4729.840004248781,26.0,6170.510641589437
8751.09648224143,5515.183159996913,32.0,5154.15292110434
10251.007282362107,7405.2003303524,50.0,7169.98740570677
13930.536902609592,7166.514443490675,73.0,10581.439079490707
18885.993222625657,11138.718783237146,86.0,13507.737126689906
18971.366881233524,11272.261198679018,80.0,13385.172592508054
20146.949599182957,9954.849511184353,77.0,13485.241713220326
29178.527861993723,7310.331750250128,124.0,19859.575830284528
24838.877905655318,4327.073451437616,124.0,18153.595490537456
17395.17787913616,3936.504447992977,124.0,15331.64629921932
1828.5409343680917,370.2286106576532,124.0,9292.2776197647
2789.855084874884,0.0,124.0,9685.31678828788
2827.0545669815974,0.0,124.0,9612.928007103928
2953.490379126959,153.55778271970823,124.0,9654.651825111898
3174.332510031194,903.3563269667463,124.0,9739.953587043176
2937.710384744651,10320.247357102133,124.0,9672.980373599396
5337.06069868153,27526.507361899443,124.0,10524.445285769498
4764.139573539722,28625.315215600327,124.0,10656.28903763368
14959.654589148531,16623.437650547236,43.0,8831.953623564077
11130.959865677922,6295.233526619523,30.0,6553.990687527894
14636.790475472713,3899.5644988523313,36.0,8225.883607443675
12596.422746033415,4810.051110350094,26.0,6407.550115041913
10746.329835692539,7111.971696613454,27.0,5611.350332240656
11911.964727008026,7521.191916771953,34.0,6399.192606234963
15307.125926830275,4992.3314283871205,36.0,7677.817303045711
11849.987709427878,6473.863682758549,41.0,7111.778048951541
12819.390890620056,8857.456239171113,66.0,9829.137597848034
19122.637019013913,9746.273472466837,77.0,13043.068437675864
27155.562980435505,7435.633409266915,79.0,15831.993956602351
20025.557491018542,11375.957087561781,75.0,13021.799257414174
25878.52831751703,12628.225950072549,76.0,15333.346936396272
27872.6461149886,6972.780834642829,124.0,19370.360064177476
20715.121827973206,5133.375564027387,124.0,16869.39767334641
13872.144620714496,2079.978201622972,124.0,13734.638193145985
1856.3100403055143,586.0403043355909,124.0,9310.327538624026
2624.6199726320233,0.0,124.0,9546.12459096857
3167.5789336268613,0.0,124.0,9725.301048096866
3582.2287625534414,91.79764189312311,124.0,9862.135491642639
3608.5772824998576,335.88470441123934,124.0,9870.830503224955
3575.394259986564,5609.640969978834,124.0,9945.546153811983
4212.158179399815,18549.671273559266,124.0,10107.391486877703
7323.82784726427,29104.469735508686,124.0,11483.635530170337
21982.04730705489,15957.198834513909,38.0,10733.440455635766
14792.908610654806,10192.476078854846,29.0,7588.859036526656
12656.371599428436,4664.4671640131955,31.0,7022.137093223889
10425.818688817535,3803.957798756823,29.0,5899.132524012771
8400.170602605236,7541.607916743452,34.0,5343.471120884469
15084.002447280647,6294.954011258481,36.0,7562.996991102072
15879.864511465845,7539.231416922603,36.0,7822.708819390319
14305.818950097455,6940.964767079594,36.0,7257.878585876838
8987.750401042458,8598.213275626786,51.0,6615.900548131307
19072.659024903493,6425.816025060072,74.0,12411.736005771767
27078.130398920694,6892.901309763076,84.0,15962.583516841058
21034.556154592865,14303.696274066671,88.0,14804.569353584757
23341.340302149827,14191.354874680359,88.0,15650.738778100187
19011.04452607338,9729.988156490364,124.0,16699.456863514213
27338.190804405123,7466.048820702355,124.0,18855.294769747707
11290.213149523146,3316.9317723020017,124.0,13217.953437521302
1816.285899396758,0.0,124.0,9284.311847033334
3295.0803114676323,10.365223701612559,124.0,9787.434256682602
2642.2559963183894,13.905595372262178,124.0,9559.89349065264
3070.82469646047,1026.1481554167597,124.0,9737.290440400284
3114.5299297534666,159.491515527978,124.0,9762.559884871172
3977.7680886154376,11044.699202013842,124.0,10007.428654948477
8132.578279505516,35800.6751437949,124.0,11483.211965771789
17194.14229191638,44896.33010792412,124.0,14733.529456744898
16521.26982573968,17594.14230007363,39.0,8800.048723890633
15409.328302879598,7176.6707574192815,32.0,8023.027885613536
12875.240462951215,5821.822272473968,30.0,6772.8388796475265
7770.261463259395,5325.986324938572,27.0,4609.716571179971
17690.566430136416,4848.143373553554,30.0,8032.121854794346
9120.766872130556,4179.437786039873,32.0,5290.507551462567
5944.473140112006,6852.391848295175,32.0,4234.380156640654
7928.10917263059,5202.656426137888,45.0,5854.196505296089
22156.652871390295,6624.165133518977,67.0,12068.212768553318
24061.447883922498,6934.596388938891,85.0,14915.904059066237
22106.177784170504,8219.247975695793,92.0,15132.369473671031
36051.03308326149,15757.738302786622,98.0,20386.638844595305
36035.01248043432,12194.107492462159,99.0,20644.810157984997
25028.99160131702,11520.925798772458,124.0,18844.923603783445
17094.257598508964,9985.91228979199,124.0,15910.90039749716
14444.765949495211,3144.8628573603073,124.0,14210.550162997231
1800.8562111705019,739.5715036920157,124.0,9274.282549686268
5383.848790702855,145.78155015322847,124.0,10570.94036366836
3378.1477174053916,307.74808684729504,124.0,9832.788059487983
3320.285581199424,243.2821891005384,124.0,9775.694241795813
2931.9851341095673,223.5429848898881,124.0,9668.656341197398
3192.5308028528048,497.54971512453824,124.0,9733.53516494143
3498.8268721470595,12712.629165158496,124.0,9839.613821955749
4732.728404157161,15889.684204577956,124.0,10424.885498293945
11092.252897376633,14563.476909791141,47.0,7453.026367871944
18220.771574224626,9963.271445040746,71.0,11961.430375803602
16068.121373269325,7726.894391343463,59.0,10641.829448864375
12749.198902321252,5058.90233211342,51.0,8649.367128070306
19845.656837281316,7379.386962510983,49.0,10599.044115935305
11826.581196937394,5606.570525862009,45.0,7581.2763249281
15816.472315156194,7740.387127337676,46.0,8686.610387934072
11751.128881577783,7654.235902390032,53.0,8006.352409534632
12021.13790602706,6034.354648722175,58.0,8842.129961097804
15134.422843363694,5152.113511783266,72.0,11044.451011785863
20246.89087721656,10444.939626937166,91.0,14418.054429353224
21066.70059794039,15073.95697449085,90.0,14762.433712665088
18871.499115022572,11794.802906847459,89.0,14110.441668353973
23256.758998400863,8534.149160047898,124.0,18021.532141151132
28569.397263139505,6987.026588980867,124.0,19697.75300162626
21467.276846775654,5067.147410786403,124.0,16637.510132610492
1879.7174136761082,35.479402021097485,124.0,9325.542331314911
3427.378209028709,0.0,124.0,9900.51267387128
3192.2862792710657,0.0,124.0,9733.454472159454
3077.309881071355,260.0913611301726,124.0,9703.133303255898
2704.9659458453493,491.2268169073155,124.0,9582.742835301087
2655.368101003473,2783.0311931764627,124.0,9556.271473331148
2568.4664219814563,13585.851910402818,124.0,9546.474840731784
7080.648744840857,13814.255692833953,124.0,11211.260366000395
9938.729167257123,17542.680561359244,44.0,7010.05226517759
16254.645602874914,11078.927281467693,53.0,10022.85835027562
15814.252459613326,9901.766979251834,62.0,10799.436002621
25151.726926364106,12747.43329500469,67.0,13837.162167931763
16196.867789826065,12332.695903984084,60.0,9958.96579838654
19964.56630536842,7653.027936897019,48.0,10187.024586069152
11957.437054459448,9555.376554092649,54.0,7799.312727916813
12517.186729591433,10290.781567911648,49.0,8016.706612989223
16634.63820654696,8851.631827847683,54.0,10269.243633376173
21901.163827936936,8047.801172405864,68.0,13277.4524320323
30989.207178778877,5499.505921640639,84.0,17665.914140181918
20322.226737225592,10623.08352487861,82.0,14039.342049507895
29638.179506319048,12938.242943971785,85.0,17370.7784426287
22551.141267501407,7545.956005545321,124.0,17656.475900387635
34138.7087297382,5677.215372876266,124.0,21272.47583519135
17461.761985941383,2770.7183401578495,124.0,15361.24147396937
2861.2699795250273,1195.511356412821,124.0,9638.64972478436
2542.9011667940713,0.0,124.0,9570.043965808498
2875.486141681151,360.96531398071676,124.0,9663.278832354474
2562.949592192215,714.0951464379361,124.0,9594.305223664434
3259.506324938427,1181.6636058478384,124.0,9771.622880366986
3610.479129023529,10605.811344922164,124.0,9975.942746776633
3358.3210908891674,25492.402824008943,124.0,9855.685771805945
8922.847548162841,25632.786622751726,124.0,12028.857186521162
17350.30889007093,16417.50823417762,39.0,9323.186010680041
11398.3663855827,6722.140367164759,35.0,6902.83344472075
9686.026673310498,6674.712629041821,30.0,5592.030169028193
12200.881327478115,4562.558624623084,30.0,6273.281892523445
13255.448345523746,5810.416137396633,30.0,6555.974610372462
10036.164838081442,4484.661157621206,21.0,4790.0280396640665
12467.415385338803,4793.281634987775,28.0,6108.131121675256
4488.210121686957,7750.395395715085,40.0,4324.572538967132
15947.788214698616,8512.947226085027,58.0,10267.1001213117
14822.48366758264,6607.946592615786,72.0,11053.7926198782
21728.42679388083,8422.4498287197,81.0,14087.625819506415
28399.509118247246,11554.057955394075,73.0,16047.049713536431
17965.21420857028,13122.066279100487,73.0,12710.392139615664
34941.066770138816,7593.3036221751845,124.0,21764.150156991007
18156.209935567156,5811.2220920952,124.0,16112.782218041055
20781.773127537654,2078.0020591949697,124.0,16484.13741287499
1824.3664760961005,826.9452446670077,124.0,9289.564221887906
3159.24963956689,0.0,124.0,9755.470664200411
2991.3431889252306,724.6937542150729,124.0,9748.584089588338
3376.1427406424577,216.3711232789676,124.0,9816.797654104686
2848.4987070360103,315.27150160465004,124.0,9620.004573321883
3133.7368389285225,7637.759784639789,124.0,9725.639029676115
5139.548715427261,28421.307430979028,124.0,10454.407396992581
14455.120006581476,32246.910996326576,124.0,13821.09827352513
8222.723941726515,12613.022579858422,29.0,5485.437279541788
12845.222749997423,4441.204376808344,23.0,6309.2901486127075
6819.200213659574,3073.3033660595456,21.0,4232.391706973794
15933.345122634692,4532.456502171944,20.0,6825.701707035523
8694.593210380846,6415.799358502349,29.0,4943.267160675998
8350.429870244347,4490.885165321157,25.0,4547.635005745069
14316.110796073233,5544.823268816003,30.0,6844.355581522026
13681.093494665907,8088.39199623004,38.0,7413.3831895066805
15476.904317481707,9350.00293766508,53.0,9502.135084408312
18932.5067569514,8860.998815446137,75.0,12498.565573905962
21088.96390981647,7526.386045021151,87.0,14398.211379737222
24387.061829146132,11703.197773282269,89.0,15836.34284628281
21550.440178251974,12846.802873669842,86.0,14777.980645372683
21983.699109135076,8037.188006198681,124.0,17566.406108277977
25329.08898667013,6433.843816220221,124.0,18537.886437782647
19308.069452023254,3478.659833621121,124.0,15985.711622035802
1800.8562111705019,633.4184906765819,124.0,9274.282549686268
2569.9326664844825,80.97966321041652,124.0,9567.41903212056
2447.074043449889,0.0,124.0,9487.534434338464
4357.503164647564,1032.4516204920442,124.0,10141.76255102736
2651.9652303050016,868.9311310801384,124.0,9569.69030087032
4790.718848629846,11919.274998597712,124.0,10353.326883976208
4319.3269448133315,35670.80289242334,124.0,10208.346731437561
11270.760198335516,29235.79708418557,124.0,13080.090283916883
15083.298041878454,17819.453981265833,47.0,9335.995267004731
19666.959630873487,10416.665363516797,34.0,9973.022477450579
14952.430179813566,5716.3877425839,29.0,7628.152837849062
13686.753978986384,5109.722489565735,34.0,7207.934129716621
6127.20681846177,6187.03893587349,34.0,4576.2510221248685
8721.464444569632,4931.729773228743,34.0,5365.682825548452
8076.496715943102,6716.151004867973,36.0,5229.951361067245
11851.231087525564,6506.720981926816,40.0,6742.703433062947
15106.004205711295,7518.969197466776,53.0,8791.111923940183
19133.735902088978,5341.164421137742,66.0,11860.111582696916
21306.873770101214,7040.303486544185,79.0,13674.269884124145
21809.04391623424,12366.567581617937,78.0,13963.961793932762
27474.92011627513,14747.148715793057,76.0,15709.776820149953
34910.06184007974,6885.125848578561,124.0,21774.189277963906
32908.19997354037,5787.513487112857,124.0,21083.58853941572
22294.318190078127,3371.0770931847983,124.0,16896.892311474934
1907.0541746971692,987.566111750474,124.0,9323.380633922434
5177.9774106484465,0.0,124.0,10423.508527028727
3470.8656775815243,0.0,124.0,9825.385673601906
3682.794149866872,0.0,124.0,9895.322069456068
4908.1542820490995,410.24594261667227,124.0,10307.967110405854
3952.2788808541814,10009.291933425628,124.0,10055.229934766223
3229.3069954173257,25606.532604210843,124.0,9862.85690089126
12576.815033478266,30991.64228394845,124.0,13244.772569171007
11652.31674138067,18997.661988659525,43.0,7721.517655875445
15606.908234478798,8732.219586746398,33.0,8315.01731126745
10064.862852060689,3325.344334685985,23.0,5320.579354384182
11611.859670974643,5132.483002377426,20.0,5605.891073261548
8981.732693747446,3081.4824344866715,24.0,4763.0271993740735
7633.684115201495,4779.441610381884,27.0,4460.845326381527
6957.673469599559,6501.920747051377,23.0,3929.184676153023
8619.851273387481,5414.0288872038045,32.0,5164.084694502485
13708.82637895589,9519.425383787902,58.0,9186.007260972428
27733.514866453832,5385.019499166826,71.0,15142.594751200293
20414.69610803499,8229.095486274506,83.0,13903.90916624767
37756.64273023874,15028.38191572465,86.0,19901.669618746553
25013.272586756953,14502.273444621997,86.0,15971.485837946453
16599.9729576567,8238.341355083969,124.0,15799.562109801469
26980.723511482185,6765.294015550412,124.0,18898.123833086513
16762.531056658325,3833.9311603194146,124.0,15187.26227311601
2026.382259539422,131.8827293202436,124.0,9420.874481126066
3036.3521540948645,20.59713110825978,124.0,9825.28863761044
3305.854593761163,443.70624901892927,124.0,9791.931433283453
2870.568323760869,639.7527073811896,124.0,9666.477264975958
2821.2081511067217,781.9943650426576,124.0,9610.998689865219
3172.8702641066757,8527.040878521073,124.0,9759.86931466036
9404.536755211084,28948.6688642794,124.0,11855.417571663756
10471.783303430693,41116.51745986266,124.0,12534.899694430793
13484.792963008564,13630.295491168828,32.0,7416.17756471628
12509.158876918029,6619.85778419157,29.0,6841.412190588308
16415.984410640864,3858.019166735494,26.0,7840.425632159821
6910.327152776386,4153.696487551543,25.0,4304.1185958830065
9265.296519482717,4377.439225655872,21.0,4644.2208510981245
9408.185069757454,3274.6825726859197,26.0,4986.702969187835
10981.84602816721,3336.031273695031,26.0,5469.283218153212
9972.874813207838,5401.31607641143,23.0,4965.704681315983
9897.718428659107,4901.12889199806,34.0,6039.043686378894
18325.550859334333,5247.255335975947,45.0,9904.249677953381
27980.773543329396,8079.182574545398,65.0,14796.363482477971
18163.576025176433,10342.136274472577,71.0,12235.371432427452
26940.106995176917,11135.362700596608,75.0,15509.06962383544
18758.973235465968,8459.400134278001,124.0,16301.446319443752
20165.551551156495,7614.509288827265,124.0,16410.34342389846
15397.844637646664,2690.6876594493556,124.0,14482.283965562347
1827.2389487876012,7.791226713537859,124.0,9291.431329137382
4175.360211029014,0.0,124.0,10099.262927466958
3712.416849642004,318.2340888114413,124.0,9921.889762970144
3112.7877858535494,231.2140728372848,124.0,9765.102011475847
3131.9822366435437,553.9506932658996,124.0,9713.554138092371
2473.722246234251,2271.336346880971,124.0,9512.879567764927
3003.0011402073665,10961.964401027666,124.0,9685.105136408009
5827.945997388989,24918.39934169261,124.0,10730.515223492957
13076.884487388026,15969.988739096372,54.0,8823.783395542028
13819.802574277499,11929.995434752218,64.0,10016.38666317292
11961.82163522495,7713.375262409619,72.0,10303.008775706507
16952.116243031556,9381.241493500442,57.0,10466.204487598457
14611.294785951375,6834.3043687834825,46.0,8406.353171427145
10807.952767355488,5117.041193209476,43.0,6771.27845840023
4821.821734527211,8506.05288535296,52.0,5318.381603897121
17934.90599928925,3806.48546708104,45.0,9255.59169895226
9225.417765421953,4597.738594339727,54.0,7403.686853181472
20768.60944857001,6630.0717304581385,69.0,12532.067055989533
14478.444614951037,8994.96144173515,70.0,10935.941165735767
20453.366146757104,13416.116810810052,74.0,13161.609635125913
17109.82783845792,10361.250495401322,78.0,12467.001978597644
19374.133759395045,7105.550742868152,124.0,16512.443015323654
19534.948324488803,8162.175815537859,124.0,16460.111005656065
18171.28429103609,2986.7914068958103,124.0,15747.529018504882
1909.8987448079051,152.32305814161276,124.0,9345.160196550578
3137.654109806901,69.73117060872416,124.0,9715.425856236281
3033.3672425721556,0.0,124.0,9687.594523692018
3430.097746809115,0.0,124.0,9811.93225644701
2560.5309817881625,513.908853869792,124.0,9524.975223990094
4397.277762817565,1586.4841690770584,124.0,10131.101661729801
5665.77738790667,17471.97608947763,124.0,10598.85086388119
6460.554746921364,24126.995760981787,124.0,11120.785388870194
12323.680195748451,14628.632494147456,52.0,8444.798565783449
17308.743225235972,11739.071371211492,59.0,10980.924039158968
16743.4660337179,12602.13651662126,65.0,11226.901778934523
13745.172733563446,9870.026168469652,56.0,9085.810197108734
11155.159630337377,11941.229955790819,55.0,7830.641166549616
12472.438257224052,8850.85810475486,55.0,8106.606326370389
17976.37536245088,10005.901758454258,62.0,10332.525146909049
11411.166778728311,8816.100721738432,66.0,8464.660134384449
21352.506925227604,9542.58023991958,65.0,12701.331474461329
21630.760893778446,9636.362659748282,75.0,13486.016077758155
15214.589743523333,10480.16336769285,76.0,11497.222383623097
21294.36594268196,9187.98622194076,73.0,13291.649630634289
18248.630961846582,11410.440099130949,66.0,12020.692662376736
21804.399387741807,7836.412755055593,124.0,17009.02618854227
27909.992592596136,6836.335271512964,124.0,19190.092792765026
20183.741064742382,1799.1824672278522,124.0,16313.057066131165
1800.8562111705019,552.525644779733,124.0,9274.282549686268
3744.386995984467,289.74376653974565,124.0,10021.811606415977
2382.0753989328464,0.0,124.0,9466.084881647841
6287.6569087939615,365.4317018255669,124.0,10787.18770593722
2601.8645770350618,7.071965083619579,124.0,9538.615310421572
3685.379747757291,11759.39334722415,124.0,9989.39144989242
8326.5550416053,27143.04844002718,124.0,11536.872593257995
7821.888219349063,25956.406692504443,124.0,11706.973664389725
18117.00512165343,18119.360283366976,41.0,9722.378665638451
10923.815578742022,6401.241669103549,40.0,7041.127963209855
13811.26531906233,6705.201614954623,31.0,7035.342456343562
6230.702961974821,3767.9033178347786,22.0,3738.157790212738
7663.055790551835,3646.8834992712596,24.0,4250.4519610308
5945.814675972471,4763.354394783739,21.0,3475.100120337038
13128.107797659532,4003.996233488301,18.0,5599.4321446302465
10735.854719992136,6563.427074783366,35.0,6064.151747062557
12903.62233661673,5597.051620625223,51.0,8466.664565313007
18286.416748557927,7360.587564739058,65.0,11353.720073060653
32303.843113985226,8409.383787772176,84.0,17730.113631079163
18899.521407258955,10457.87463903428,82.0,13457.419644575988
24535.953500353244,16762.51363584271,87.0,15844.476545252384
18930.643793656916,9953.279598781488,124.0,16718.637579797585
22540.592116298216,7233.36300521628,124.0,17468.74716234556
16451.828585338568,3846.427356855928,124.0,14801.397813228386
1849.8090540855162,591.2535952724517,124.0,9306.101897581028
3043.298108442059,0.0,124.0,9763.697904761431
2647.475835414973,0.0,124.0,9553.667025686942
2976.4479268591144,0.0,124.0,9662.227815863509
2776.3942528834673,445.2506066744371,124.0,9596.210103451547
3088.611313070794,9567.550200159667,124.0,9709.711811219524
8385.637834627618,18371.555838596745,124.0,11585.23651122794
13391.68028547563,29813.009766074134,124.0,13425.252890566066
18242.119217775515,16036.128497024149,38.0,9348.887310366443
8853.1427195223,6428.33215377351,38.0,6267.42889801262
13661.402723665093,6167.453381456978,36.0,7861.07704773145
11530.017323350625,9111.711233383487,34.0,6604.768737669859
6469.0353139853005,6544.165348492181,30.0,4388.512613660271
7127.5747273699935,4606.311687416754,20.0,3832.9426916073
11036.271054904799,5045.471739806894,26.0,5510.520440764979
6318.3874214591515,6467.154234644927,31.0,4330.713430732249
20240.398230196482,5485.3651379016765,49.0,10929.191790971243
15514.325646396897,6911.496403532794,60.0,10264.99979031158
15292.790355070229,7837.334870378602,75.0,11365.023735915665
21066.83936371289,12741.530541151611,73.0,13307.065293480564
23119.027458893543,13001.90646456324,79.0,14566.61606875472
30754.59196160637,7557.366275776556,124.0,20468.79820589033
17725.788632353415,5374.271407718902,124.0,15949.67652172209
19382.76358233872,3661.191438433698,124.0,16048.702565382002
2678.6517332307335,233.1051375925386,124.0,9563.955071966144
4309.91151795976,0.0,124.0,10177.286856786463
3184.201459878556,344.480713317357,124.0,9730.786481759927
3655.0707478847166,622.3610054121119,124.0,9898.875084305875
3273.9600403942454,0.0,124.0,9760.406813330099
3098.3862993879075,10298.453412769231,124.0,9708.095796156325
5577.855131631598,38511.96929686877,124.0,10666.581502205489
11746.734991501133,26052.681556967967,124.0,13036.449955693532
12652.74021847396,9979.001638912474,36.0,7584.484857291401
19223.054302352513,7721.214226758905,36.0,9694.483079666423
8603.2567184939,5262.174194832761,30.0,5773.992105563281
13174.799286264177,5392.791625268408,26.0,6667.959471701405
6619.635383013925,5728.004933193614,29.0,4455.421588544533
13454.563936434397,8273.820475640643,32.0,6781.646427859295
10435.462414073003,4351.002885680731,30.0,5608.450457942531
9120.529979711919,7678.274714367852,35.0,5468.499958226734
17451.862469689666,6435.856482905135,51.0,9356.636185120926
12773.36193156677,7673.221514788168,64.0,9544.584801050702
23654.743821792832,8183.833314995404,76.0,14167.85853002039
22207.39698806573,12842.566197990587,84.0,14706.322558780927
22142.26792424578,14601.637866127501,87.0,15164.010578232665
24564.416320620236,6117.039747645225,124.0,18420.00054605955
17938.28857053132,6288.853154117149,124.0,15923.201955994811
17385.68415080512,2141.2639209426316,124.0,15455.77496344097
1807.2928889470595,398.52765136712696,124.0,9278.46639024103
2889.421618240583,0.0,124.0,9652.847591794904
3980.911698069063,10.7723719308308,124.0,9993.700860362793
2769.6271206124025,19.96068251655282,124.0,9595.223928741214
3274.101493888051,125.7599907188133,124.0,9760.45349298306
4313.004412138879,15244.280786603278,124.0,10141.307102520715
6819.169875195321,26114.591225966447,124.0,11111.698394937346
7575.36639989005,28837.797567514088,124.0,11701.02774385047
11010.743630746669,11046.034697587316,35.0,6958.149849131522
8792.256538601236,4884.0053918365475,22.0,5163.167834496965
10227.25832368511,4073.4875001267064,22.0,5673.94318132713
9342.571258051428,4331.0961379816445,22.0,4806.46011204551
7171.542765843011,5052.775075063024,27.0,4311.045941677819
8311.199207005071,5734.465255404491,33.0,5083.360559760074
12336.231958211936,4296.23170769868,27.0,5992.247675346683
7918.056801252104,10834.884375043208,36.0,5155.025790526266
16027.500871917058,7385.4790701477705,58.0,10001.496701186297
19455.719251749055,6127.27859177944,69.0,12302.686199863718
18015.35416662071,7609.5110019292915,76.0,12850.67134671845
27365.6517870152,11082.610718106016,79.0,16120.356635839576
19509.416689656082,12533.90967847422,78.0,13554.16924869004
23645.56030130931,7294.794605181777,124.0,18057.400467919237
29835.741777228497,6150.303327281407,124.0,19985.07488000012
17925.317389744378,2641.224634057974,124.0,15547.321395164843
1819.10713118783,0.0,124.0,9286.145647697529
5338.434759807052,0.0,124.0,10516.367167692732
3425.5916039856015,259.0117438224144,124.0,9811.339493150354
3372.6028816559788,1371.8890164413024,124.0,9884.341731828956
3254.787055364375,552.2963994545086,124.0,9824.279810872566
2385.0502734744928,5930.59353967146,124.0,9467.066590246584
3815.818183505468,35361.36826344408,124.0,10065.275127303543
13355.236292221434,51144.319080115536,124.0,13717.517723401314
17725.266969291722,13381.474227599834,39.0,9485.86913011078
12247.19584864122,5215.246861247376,31.0,6679.392246134828
13165.171121895577,4620.322831263882,33.0,7376.961266979974
12970.544802683986,6079.846415159215,33.0,6885.101947597965
11283.144840550754,4773.492893254012,37.0,6488.055042193266
16358.549185623004,4444.525545286099,31.0,7653.669366446985
16194.11201833944,4844.9013137898955,29.0,7429.640399502171
6126.211957867249,7632.813454093559,40.0,4892.552096900449
10924.47669391041,5569.803323917123,54.0,7995.344439449362
18854.93842141514,3701.3832407787836,66.0,11924.613408504678
23226.44271091226,10623.967673577283,84.0,14995.644388502773
21343.096442239214,14346.880027899919,88.0,14701.3017369776
22363.70002748295,11666.585720646433,84.0,14793.634594649258
22984.79318013067,13156.543794794175,124.0,17915.468280564746
17681.629692377828,6762.105555465537,124.0,15993.688348151198
23635.189426808203,2698.03918257788,124.0,17376.214118812808
1800.8562111705019,467.48655732877864,124.0,9274.282549686268
2911.8830572076095,74.37844250602647,124.0,9698.222598927985
3226.410190208681,47.23670477219857,124.0,9744.715362768866
3248.2218959827514,162.61998370522633,124.0,9792.17287348026
2774.686282226952,889.4028461803991,124.0,9605.945157577387
2866.356399417726,7081.947410096616,124.0,9630.565056809884
3317.2596975450238,9706.143950489188,124.0,9814.466641445013
6490.092722064824,21475.246074062783,124.0,10968.51889642636
12711.264859735546,20327.638309658516,49.0,8346.4154194886
22598.382080761392,12444.823514042027,49.0,11807.294342432826
14406.514669373906,6044.909810585024,57.0,9779.386938800595
9446.900349544718,8763.515874969966,51.0,7304.705170962249
12777.80468581884,8838.840345575209,58.0,8526.203574615414
16627.963989919117,4674.729471463686,55.0,9508.17820012176
16002.13887372551,5612.889401431654,43.0,8358.203067295495
12280.635408111115,5638.3508611643,37.0,6684.268724449783
13264.02441452806,6708.333042891984,54.0,8832.87561661966
28030.393558758442,5008.844960963509,65.0,14790.6862083179
15416.831604085031,7562.2419196777355,71.0,11246.913708124697
20644.200988315773,14267.976125986494,78.0,13675.017371013666
31198.36115091425,11706.394539573563,69.0,16176.621959120936
26334.879291143334,6643.223719455302,124.0,18678.76115209736
15820.126173011126,5443.283049761675,124.0,14931.44700971349
12467.726400472822,3192.8920817568746,124.0,13456.477291145016
1892.9342617088337,670.674307139117,124.0,9329.769862680683
3204.3407308221363,0.0,124.0,9892.564966946751
2869.6337733445075,110.06355200253115,124.0,9639.615643348458
2711.8240462903404,0.0,124.0,9574.901935275813
3088.367888295443,122.11672606556677,124.0,9701.357940783611
3468.946382496207,2571.38580451298,124.0,9824.75230622375
2835.4721564135416,14514.076337151135,124.0,9661.568908911322
4781.748397948713,13980.019390692036,124.0,10444.55985836356
10715.80680893141,14156.795822003422,43.0,7083.264785166838
20611.25607848464,12977.414408003733,58.0,11677.565042574788
10204.47715119452,8283.848468506438,53.0,7959.363641481108
14327.639256867342,9084.15863178901,49.0,8460.877407435903
9383.448348156835,13106.991236529555,65.0,7838.1241680838175
14639.81275994787,9427.978158674925,60.0,9170.036061344352
9631.863878208726,7586.685266718207,56.0,7152.660134979049
11482.62260242835,8003.189456501206,51.0,7435.461596905612
13346.960109284826,11468.384331462288,65.0,9647.036688933713
20051.597499974992,6072.415081578299,79.0,13268.294182035736
21431.280387117324,7328.190401063317,81.0,14169.774267839402
14355.747228104894,10943.793618725482,77.0,11494.630050432392
32703.45939865732,13390.532190305103,77.0,17541.82865673781
18543.04047448306,9412.749362155004,124.0,16293.558183928779
24262.765984324935,9297.207467094002,124.0,18185.062604656487
16982.103083687598,3029.714154487468,124.0,15167.114823718672
1850.4055556359303,148.52467316744537,124.0,9306.489623588795
6436.675297843753,0.0,124.0,10940.263489213432
2718.355705881489,0.0,124.0,9577.057382940893
3325.9578187372626,0.0,124.0,9777.5660801833
3165.280403624141,150.59886935388982,124.0,9724.542533195969
3335.8417360073404,16348.14524383291,124.0,9802.706947276498
5550.875659509973,37657.18597806005,124.0,10711.065569745424
11901.76393259901,28952.777398146474,124.0,13274.335519588361
16350.698965619973,17492.982557292748,45.0,9535.767275071075
17810.63003001537,10428.587146713926,39.0,9362.897785168752
14759.400872408067,6229.780658172017,34.0,8030.921016725525
10291.891528297121,5697.583243369918,30.0,5754.622788765277
5790.55451525311,6103.0192699239515,28.0,3969.9295656349195
13958.035766947603,6144.222843429881,35.0,7111.961580033685
13590.879066324991,5441.634272033731,29.0,6575.614062082236
5526.3383386694,5564.435061471382,36.0,4407.371780698109
5401.695146675389,7720.16152828789,53.0,5616.412873113312
18676.957516613416,7820.807293519285,66.0,11663.804231307631
17640.709078922268,6450.883304628318,66.0,11512.4588604539
18539.72043810877,13390.750671553697,69.0,12235.40909069766
14750.880337981549,12967.534018254024,81.0,12070.156915015581
21350.844227467704,8117.266750885103,124.0,17172.396215743403
27751.378931390893,6595.077384618901,124.0,19381.0778802162
12597.340927609037,2323.162556276455,124.0,13948.596673350876
1824.671968990349,674.3080569153032,124.0,9289.762792269168
3852.7723051364824,0.0,124.0,9977.211971639605
4407.947233411001,0.0,124.0,10134.622587025633
3285.4399388812694,3.379565743356943,124.0,9764.19517983082
3163.0548510793806,77.93215922644983,124.0,9723.808100856195
3363.523890078659,12216.303731904009,124.0,9866.651046133326
3427.1069114628576,35842.95364600053,124.0,9981.92742594997
9358.725932969493,31470.090549328095,124.0,12224.69638391685
19274.478907443,17400.422353491933,38.0,9914.708349196844
18076.34302771112,6766.639919455799,36.0,9137.279279460774
12716.259779814362,4748.486248047316,27.0,6595.455981774389
8597.771126455049,5876.964930330022,33.0,5366.9004932546795
7757.689902031238,5296.606367032222,30.0,4764.2638721250805
7016.669631990806,3895.556767714815,31.0,4533.9043348208315
11206.978286866568,4904.288754529281,32.0,5971.642444358264
12123.497625871549,6967.814493497741,44.0,7185.12590039441
12449.205693559328,9434.590052357535,65.0,9316.121607157495
20473.157122496283,8900.01314483139,73.0,12927.876701834717
17647.45179083297,7535.129637686893,76.0,12553.93122310889
18262.344445042872,13721.874708513133,89.0,13554.496357462298
22304.48726488576,9040.285602606033,83.0,14662.275414871368
25584.79762467606,8435.051370573814,124.0,18672.580985168068
21225.577359440962,6905.646890176832,124.0,16907.84735843134
18977.202070530133,3182.2195457336343,124.0,15698.239961635365
1837.2071506927498,96.95796834711606,124.0,9297.910660375728
3899.8962585599006,0.0,124.0,9984.955239380824
3090.0377595425853,136.6141712326246,124.0,9716.750664077439
3164.2057647860224,704.2679287871656,124.0,9771.766281764309
3629.381701201738,562.7976324915343,124.0,9887.298108557812
3175.5811687017585,8594.630753049682,124.0,9782.55170428956
4460.683340414506,22853.52447190364,124.0,10277.74268272941
4695.148892583685,31773.814913147588,124.0,10750.585060293866
16129.734287490046,15284.028278529977,40.0,9083.105638788777
11199.291163960992,7651.5333791499015,38.0,7070.101695100635
12185.531291035732,6406.345863640392,32.0,7141.980507847709
14218.770497819021,4578.312075255974,25.0,6777.591734863523
11301.295807923481,7305.549107705049,28.0,5866.177393155712
10616.536499471309,5196.746058887453,25.0,5314.029105001321
7608.705423574824,6100.459739400935,25.0,4287.587614226385
7280.20912851019,9388.225832394039,37.0,5040.624156279271
15958.450037624574,9870.927890187635,54.0,9730.362289541868
20859.305043284505,6975.174897917966,80.0,13765.556743009489
17385.699705139115,7308.046098460884,84.0,12836.450835515538
29820.943663142833,9133.32395102513,84.0,17012.278019229918
19861.28255720218,12374.890485397213,76.0,13436.982984961274
27655.981031005467,7310.75596329895,124.0,19445.998571428012
19387.43874406598,5129.047600119538,124.0,16533.40590606161
19338.387118694554,5024.337171540325,124.0,16048.052011597281
1827.338138343241,464.8935695227391,124.0,9291.495802348549
5380.361705223273,0.0,124.0,10515.284229361918
3332.627576177483,160.12743135585137,124.0,9841.984982359849
5449.590363575939,395.93988714059816,124.0,10509.078762863368
3223.925288410667,407.4463328058831,124.0,9743.895345175522
3730.010201405195,12268.436248477083,124.0,9950.769963222869
3550.6839351396143,21400.53989278893,124.0,10022.43347391115
13579.160441539441,28723.244880475107,124.0,13812.571260058767
9535.903631995337,14592.484553747654,43.0,7085.472580208914
8860.52311928764,7712.181011339633,36.0,6099.496042942884
12495.655919575527,5569.346213099376,33.0,7064.06881974869
8068.306138514878,6835.994102986988,34.0,5279.103042272138
4830.096742601163,7868.047438828809,32.0,3967.966150369787
8977.471899229426,5286.243347942626,27.0,4937.066036980639
9167.968526851479,5240.576740521394,19.0,4386.830760588727
5742.133345001349,6376.869857587169,29.0,3943.0590897784978
11498.523477838113,9313.338034659424,44.0,7320.298581102147
15202.633754326343,5950.71417751351,62.0,10019.798522336445
21050.88498427345,8077.3231502825865,81.0,13547.45461505896
19401.84611312954,12461.385413600381,80.0,13311.464579056628
18312.302280537686,9705.697181149866,75.0,12778.550017836413
21725.489694707543,8225.162015985778,124.0,17443.887429621213
29856.811965100165,5378.953418144576,124.0,19978.85976045116
17955.53460827064,3275.1405883412185,124.0,15562.062337525613
1800.8562111705019,49.69439600724727,124.0,9274.282549686268
5366.911568548108,43.219619877946876,124.0,10584.565830067519
3155.146813970858,0.0,124.0,9721.198448610388
3944.095196707273,320.1419171272001,124.0,9981.551414913405
2867.521603958279,157.60628188358,124.0,9626.282129306232
5876.415060641327,13911.086023904492,124.0,10685.161695623176
7885.731018294245,48423.587929957124,124.0,11411.2990561329
11928.052278469175,46768.25938243199,124.0,13152.097344914539
12482.092846513984,16573.92738664934,37.0,7675.460854092152
8959.64241998997,6431.156466600983,31.0,5824.305614772187
10142.162999528678,5598.712481309287,29.0,6048.103824359488
11151.399271100508,4090.306710353284,28.0,5910.66828325206
7684.010770522082,4517.718618798931,25.0,4355.600661061573
16063.9269226483,3880.5943479055004,24.0,7048.019653508066
7153.468424350458,6273.4632779845715,29.0,4447.896756536384
14508.314373555646,5893.7274500445155,41.0,7713.575044064809
11613.812209803695,8536.422685847137,59.0,8610.173977345485
19605.1253790602,5991.841892716948,69.0,12315.698141034556
19249.934677915306,10944.812206942855,76.0,12943.68796052655
21365.975580973518,10659.332304108706,74.0,13658.3948763636
35308.5992281995,10979.8172752484,67.0,17902.260120711362
24270.352708582384,8483.282411549193,124.0,18025.26370580851
20192.16775384741,4259.665494104351,124.0,16449.389720870662
15598.07489602129,2854.495084264595,124.0,14471.83491434744
1830.3306217695185,137.89933195273235,124.0,9293.440916575628
2305.8161478812995,73.80500875473953,124.0,9500.32752521453
3221.9206771859845,1126.2694464352758,124.0,9765.303683017108
3072.8230198229808,0.0,124.0,9694.031596541585
3288.1350046342113,1201.3302604499117,124.0,9765.08455152929
3720.4961582950705,3383.3155526341716,124.0,9935.123306750465
4662.765650489803,11190.700259520534,124.0,10218.712664661638
6098.389336214655,24115.196766509634,124.0,10982.40145587
11206.844259093166,12008.697739505853,39.0,6948.485420390724
20149.536612267493,7016.181225255691,51.0,11128.561051005185
9245.93019671653,5844.381402557186,45.0,7001.453442193844
13780.330158495306,5784.933829831092,46.0,8086.8813270071605
11784.481525580903,6741.320529411959,60.0,8184.89923582044
10067.231071299744,8008.149122283888,64.0,7884.954527286134
12096.157642355216,9499.366146987793,66.0,8665.585802638643
11116.890353666782,8785.499991254992,69.0,8552.031528188498
17497.475834529283,7245.107557213757,72.0,11471.050777690827
24127.856790634552,7097.422670033488,81.0,14831.477097080082
27100.01416459602,5856.811104176085,92.0,16666.71400969566
27515.013166465116,18071.022713747185,97.0,17404.66450832797
16186.234140706181,17631.44079800594,98.0,13867.422119382945
22172.07117947956,9181.614879809818,124.0,17808.236896431175
18995.213112084744,6963.729123276978,124.0,16445.39227988582
15115.135143991401,4694.605511092783,124.0,14662.640685437556
1800.8562111705019,245.48959013568236,124.0,9274.282549686268
6015.6509720812555,192.43911857401642,124.0,10754.256083391512
2902.6208922183623,44.117826021711025,124.0,9642.113514479162
3267.662911553833,341.93494687989977,124.0,9789.407334186857
3112.97878333959,14.804381420913463,124.0,9707.282998502067
3151.081317644593,7485.592282325216,124.0,9767.464692738708
4202.81409232341,14172.216429846967,124.0,10128.35513390446
6235.681404904212,19257.604526577736,124.0,10962.816257213903
16422.527158147524,16983.67210388958,53.0,9797.673787179026
9832.062238946977,13663.887366282228,64.0,8734.60046878316
16752.334751898285,8360.420961636024,66.0,11226.639634459487
13900.376020326117,13983.67040421374,61.0,9439.3042418563
20405.573031309275,12288.232650762699,70.0,11917.263268985811
14253.42521713457,10762.98311476099,65.0,9357.490166452386
11024.535220445705,9747.989197550978,56.0,7678.258980496875
14920.670695425386,9758.071438729188,53.0,8666.79076957347
15391.396829966545,9241.481051808749,66.0,10185.081794618183
19797.198660129903,8078.63281870735,75.0,13001.870507545673
21819.140275323873,7335.212906492114,80.0,14101.679020816808
16821.960894780328,11723.623597579746,79.0,12318.349002219842
16687.304873664114,11894.387570814184,84.0,12782.030938606562
27916.39299833066,9258.363975715909,124.0,19412.78166240025
24110.534732486183,6467.146427468581,124.0,18111.833457977416
15076.78854419586,2732.020380661528,124.0,14733.358260438214
2885.790212165233,0.0,124.0,9637.125297945686
4449.629331976561,106.6360440982816,124.0,10260.00241771135
2886.2154225722934,0.0,124.0,9632.451089448858
3882.877349665016,0.0,124.0,9961.349525389458
3717.4483372734303,624.9036984580414,124.0,9912.757784826594
3067.577206622991,6530.598265154457,124.0,9730.299423852543
3303.7815543347174,28341.453410918264,124.0,9908.928410718314
11574.994294894099,31345.084515314,124.0,13023.262413592254
14330.532869461982,14999.04153363714,43.0,8500.677644965386
11294.516751152612,9579.664683404317,34.0,6644.1572716836035
16052.120011450454,4133.363752778107,26.0,7267.723312184924
7843.371073516626,5343.874162812546,27.0,4573.003201549818
8963.189544043276,6299.743161543504,27.0,4888.515973206183
7154.497934511663,3992.566154082135,23.0,4009.5332289117287
9633.038618234234,5849.459534899053,24.0,4914.126502420486
5327.745000071469,8326.803795070326,35.0,4286.500145665089
9351.912148154033,6560.03949669823,41.0,6046.153198176033
7215.993471083938,6498.132505190806,55.0,6529.500211224944
27155.06504900155,8457.79886197659,68.0,14696.821228054916
23938.094428946148,10954.513554456586,73.0,14221.329114939257
16311.72899703973,10454.696258556936,74.0,11986.948643873811
22167.53934231797,7060.278143544946,124.0,17339.729281783875
26274.17483162234,6314.242002705609,124.0,18717.5102642651
18928.495580017403,5064.031089530234,124.0,15905.994307894445
1938.3185931473681,511.9145528834313,124.0,9363.63309797123
6129.706671150417,0.0,124.0,10810.587376589612
3808.5427255341197,0.0,124.0,9936.819099426259
3243.2151887000273,179.40751111449984,124.0,9750.261012271008
3337.7621666535074,491.08754093772734,124.0,9781.46151499566
4560.309939496288,4541.255641911147,124.0,10200.50914705902
3497.054734509086,22540.20898434771,124.0,9889.732744340075
10311.308510254525,34448.38632266366,124.0,12401.671979115381
9478.93906174041,13683.042600552168,39.0,6843.443616065402
9357.383703219886,6664.621133380524,29.0,5815.67776830288
15973.451737262063,5000.275173732778,29.0,8158.150452901522
7360.966537763965,6063.024626452149,23.0,4241.006062846514
10838.352016994697,6588.543930695997,31.0,5878.653400418917
11850.066784449251,5025.21208518877,27.0,5876.974781095941
9416.384243161212,6203.317202148819,27.0,5073.773782075776
7267.326108730862,5337.6552534689345,34.0,4819.542960914655
13775.115887682765,6542.59780574323,58.0,8889.384179998868
21114.267288528325,8054.808600284097,79.0,13457.291079238017
28729.36766108787,7463.514167040634,83.0,16656.679320461422
22698.187641016102,15472.719487283595,83.0,14837.744181297816
21511.327752593355,12573.214435048607,83.0,14637.697865162272
29242.107444092395,9390.408139312049,124.0,19932.47690447246
18954.128402698585,4828.170725895061,124.0,16112.365060048709
17071.79297551216,4367.098471898306,124.0,15045.248064193624
1821.4487516028144,301.8251191239649,124.0,9287.667700967271
2912.617288907837,176.84451725504672,124.0,9712.905136158892
2700.570211673407,0.0,124.0,9571.188169852225
2878.2232727425594,15.887314413456865,124.0,9629.813680005047
3200.7083506889985,470.839238480106,124.0,9736.233755727373
5477.403302049701,8532.18047308425,124.0,10512.919511747317
6992.565508811596,26705.33413307727,124.0,11129.13836647557
6580.635295394383,28868.872114738064,124.0,11358.909105680532
17646.03790763505,13003.880968575957,33.0,8964.880317250525
11234.085067683794,4552.712680268769,29.0,6172.529755892956
8785.245086831535,5397.283125060487,24.0,5101.253760061052
4699.739440167992,4911.047876878518,21.0,3372.5267990171324
12303.121363723934,8346.342127787444,26.0,6069.046550088328
11871.749733135206,5605.620811269618,28.0,5904.715552083759
11097.722151585423,5752.255083394703,27.0,5585.743380167783
12332.312817700898,9977.094221705403,34.0,6514.827239066046
12736.720207907165,7043.3481599346405,40.0,7240.3678515766605
17525.88567953012,5609.342889742568,54.0,10315.615209521473
15330.093141132176,8160.100767099362,72.0,11112.644393087889
17670.419780920896,13191.325700080533,76.0,12422.905284120934
27605.10586844208,12429.213325424027,79.0,16085.28977961868
25885.065836948303,8128.2528056384535,124.0,18852.646211610423
21151.09879933679,6377.421247679709,124.0,17095.98380698373
20902.417050348282,3420.4800489797876,124.0,16453.718475740498
1821.4547957124018,209.1519285234623,124.0,9287.671629638502
3639.9823730079715,0.0,124.0,9941.667813693899
2684.3245439001644,588.5811622576632,124.0,9565.827099487055
3592.278108266472,0.0,124.0,9865.451775727937
2738.5725276472363,0.0,124.0,9583.728934123588
3134.134042604677,6649.198497682996,124.0,9731.263762384235
3569.2209695600327,20284.14232218866,124.0,9946.681104063355
9499.268253064154,34454.19495504662,124.0,12250.888125178579
15110.63157913565,13652.716820183301,39.0,8605.628665564043
8967.20956597756,7438.79391390706,28.0,5416.906720631887
7317.575071963414,3932.577025410999,22.0,4271.09635012837
8375.506556247681,2946.7931104284407,24.0,4526.4210231038405
10570.936482105533,7099.031220259688,26.0,5412.038694698177
5459.661242384076,6431.902451310944,29.0,3834.914302590266
8220.89209437673,4927.019393303974,35.0,5171.553315755846
14621.342489597422,7371.33486310371,44.0,7943.017917969436
10600.684091258348,6468.859744900278,47.0,6823.178489710454
18547.87512850497,8503.090436492863,68.0,11326.322224722406
26710.451533641182,5629.366694235724,80.0,15502.583796148478
19687.985874439342,8558.512891527374,75.0,13112.189175048901
23209.03118843644,14297.773271967764,81.0,14834.821186342531
19536.327677370904,9428.753397528653,124.0,16720.04154747869
20382.156151752537,8191.024861976892,124.0,16882.624710667915
22861.84571754076,3723.315715987034,124.0,17314.461775670472
1813.9797414475324,0.0,124.0,9282.812844366337
5138.669947404301,0.0,124.0,10375.761082643421
2681.304953259251,0.0,124.0,9564.830634575554
2559.6659830957346,0.0,124.0,9524.689774421593
2710.424059252299,0.0,124.0,9574.43993955326
3617.6169523808767,7312.644429024184,124.0,9883.415741446926
4751.768973482289,40249.03155132433,124.0,10351.848264148226
10503.823992006837,49554.00369952925,124.0,12613.417332114876
13276.339804418165,13320.11766873412,34.0,7506.875299516178
8616.054869584335,8704.151264867078,29.0,5164.234815988696
8247.859713084781,4211.254781338619,27.0,4858.8425103499085
8159.843650244575,5554.316492947781,28.0,4755.5322440463015
17068.4225322639,6879.199513876903,33.0,8036.253552263165
13041.241769249058,5448.186027622365,35.0,6811.757661907626
5907.999345176354,5282.108993614869,26.0,3789.409012447269
12867.081550508192,4218.887825226877,29.0,6348.136769174333
7720.785026918064,6964.578170502417,55.0,6698.075494595933
18020.065026014407,6841.712257750224,65.0,11357.16809294531
15450.310714147061,8338.595149011815,72.0,11233.71589264304
32208.400197770305,11068.273835181679,75.0,17347.472183758622
23930.053247575153,11728.502699455354,79.0,14772.912716105318
24133.270774368797,10006.157621338763,124.0,18121.442375271632
18880.29228178696,7514.7327607598,124.0,16131.265016958101
14590.031289463925,3299.556782042034,124.0,14323.62599184196
1809.8568626358178,532.1468093437297,124.0,9280.132973138723
4226.743344614294,0.0,124.0,10214.484698762366
3896.738715042596,0.0,124.0,9965.92377596406
3379.125056233131,160.50778189528114,124.0,9798.105419345238
3003.97234025244,212.2489193973442,124.0,9699.294422624645
6560.183961304029,1335.2829090752327,124.0,10844.860707230333
3587.8849298620294,10991.481515538755,124.0,9878.634320742041
5382.42030409412,22182.199210835493,124.0,10693.593531050057
17169.966740333108,20770.40524089906,55.0,10138.975728078345
20512.331506121038,9559.047136307976,58.0,11749.800464645497
17505.992842071646,6916.508162641728,55.0,10407.650687716345
13504.00126434084,6523.975074366278,53.0,8451.524243611986
15660.355401612842,10389.659095718838,57.0,9374.968214520433
15343.490141132472,5958.455285834709,52.0,8844.360817157125
16006.898888516129,9045.92043990322,60.0,9663.864762638388
11663.763455927812,8484.335503014301,61.0,8235.556435793302
21207.175733375156,9083.411884275853,67.0,12139.392136514472
17973.30474236513,7182.994784104824,72.0,12137.90484982244
22050.8146312192,8867.80014981739,86.0,14680.361092533714
20536.25323925994,11607.295873435573,85.0,14381.132050531203
19295.900933117206,14224.44480206824,81.0,13727.352289666838
19403.263399439722,9156.868144465981,124.0,16448.62124861339
25778.069748958165,7336.813888918778,124.0,18619.853181038663
16102.555229098776,3922.818014344449,124.0,14939.78024002623
1818.963775912881,537.9189517561501,124.0,9286.052466768813
3651.0124517159843,0.0,124.0,9999.388350064479
2777.331173278241,9.42580737899989,124.0,9596.519287181822
3537.860905137959,155.69859505541,124.0,9906.815990464831
2708.1959657453494,264.4156171569601,124.0,9573.704668695966
3487.694514927865,3043.1024714070063,124.0,9855.289039596106
3569.884478653735,16738.014026249894,124.0,9867.93687842054
3845.8115150176372,25555.982824390427,124.0,10199.768229652092
14437.00078902677,21555.21935166746,66.0,10285.338148407667
14856.013576443434,14978.293494472107,67.0,10747.884003211917
11736.421843183907,8594.50961835153,58.0,8612.509606651505
9704.429505552465,13666.575936829999,59.0,7599.5279415917985
12002.263451678296,10417.462340459024,63.0,8573.415132696715
18879.79620711231,9954.778897799815,61.0,10602.481289657175
15167.978716400805,8525.554021222393,52.0,8693.04032770816
11681.502400321264,9807.338623191043,45.0,7125.259092608487
13268.559038453948,8713.497336519711,48.0,7970.3320744721495
15337.87507991499,3730.215775891936,63.0,10452.79616434902
18221.322077716653,5861.9532964584405,71.0,12113.071626628263
19365.372898759535,9325.482232944714,66.0,12165.418529471026
22504.237927968014,12219.242063382639,75.0,13860.967791121753
19936.758384397497,5687.707124237313,124.0,16580.933248001602
27245.75659310148,7996.256262462368,124.0,19104.935269759746
19492.721125917527,3205.6632207529933,124.0,16060.011500538169
1815.441976801858,550.732093158147,124.0,9283.763297346648
3167.6972927510146,0.0,124.0,9756.05841045805
3284.3640996709587,138.40320802374433,124.0,9763.84015289142
3452.5178666304305,264.91904686928416,124.0,9819.330895988045
3037.637225638064,331.59045526050033,124.0,9684.942317725305
2755.85701630802,7651.161481691478,124.0,9589.432815381648
5218.670035972273,20306.84734775068,124.0,10477.762492748283
7530.851447460178,27198.284826025683,124.0,11531.248469352131
14436.832993680186,15135.11182860372,40.0,8443.471359292873
14558.015514688777,6433.21997980938,28.0,7143.1533271610315
8601.2078904317,5066.84611973314,28.0,4933.432991430508
9885.182980845875,4289.848507278025,21.0,4809.786519923335
7209.714285988926,6289.813854150567,28.0,4371.264953350511
10863.770340747518,4488.977223115414,24.0,5302.3229257740295
9544.169289957834,4360.920977302625,19.0,4511.1833302800205
10088.52836912635,4869.120838374442,26.0,5196.407818918866
9669.94299338188,6037.878167868251,49.0,6789.160282216095
13192.07452265599,6821.057776539276,67.0,9880.37332321263
25452.345246116856,5478.391250528131,73.0,14600.77393370571
32954.45922329937,8412.817233510254,72.0,17259.38999160504
20232.45005699095,13644.048890327414,77.0,13470.308711657904
21796.752812564486,8232.770892064615,124.0,17376.802240066892
18235.19151662919,4975.885554097126,124.0,15911.815140493378
19775.61238600804,1197.8456990340724,124.0,15933.813544372211
1810.843948001841,688.091722711362,124.0,9280.774578626639
3392.0585197649852,173.76100060660391,124.0,9807.354242916246
3040.4901826855976,0.0,124.0,9698.082518087296
2981.0752156165754,0.0,124.0,9663.75482115347
2895.8888001444407,82.85685327450435,124.0,9635.643304047666
4938.516131049819,8321.567551144819,124.0,10314.98356088917
5836.674993279768,27536.148767428953,124.0,10736.923275634992
7007.608745942862,27478.52920549544,124.0,11456.89390129994
10487.18551755422,13869.26309916661,47.0,7627.390541412423
9612.1611599289,9947.638813011317,38.0,6388.595036244316
9610.3977077431,4979.080480670308,34.0,5954.814981626271
11913.282414342568,6509.239821136493,31.0,6283.766718247005
8927.926050900973,6777.018859600897,31.0,5213.210665042576
12678.467924514169,6492.803198370103,31.0,6397.432803548333
9613.389997720564,5470.060703110773,28.0,5159.222096244556
12619.659586041642,7060.468178060247,41.0,7064.188196848965
9821.451311104911,5708.6442399547905,47.0,6791.294889565961
14913.187476921661,7610.416986787133,62.0,9988.463836870722
17039.4021459873,5517.587217410607,73.0,11890.862669792834
21742.686961806943,9190.003857826938,80.0,13864.00787412366
17427.011749604237,9796.997603612968,77.0,12506.103830880318
27097.428206503155,8663.30281962122,124.0,19083.268281552595
23198.86019005728,8207.477638315704,124.0,17739.201329673502
21461.639291815045,2205.1365759223854,124.0,16707.326997339867
1820.0036528401097,495.0878401981511,124.0,9286.728386771512
3438.6325016022497,0.0,124.0,9880.239084757295
2810.5428339828245,245.41677010616598,124.0,9607.479135214335
3388.6375654609374,343.25966373289316,124.0,9828.909424180714
2860.581069503411,640.066546452899,124.0,9623.991752936128
6676.642343347657,14874.128840235111,124.0,10971.87779526715
6200.564280778677,23226.154758670633,124.0,10902.84842950943
11634.60050122226,25082.506584622537,124.0,13048.844209785286
14871.815447514402,17884.673596403467,50.0,9315.050296758951
13930.679991610112,8286.471231198435,48.0,8885.758572998411
11368.82493828954,4378.59144994303,33.0,6624.531983651829
12076.941143076288,6850.724097644662,35.0,6689.243539817376
9520.914578588667,9043.596881055055,47.0,6634.850494136645
13055.631180237215,9290.127487936601,48.0,7792.663588912132
9918.935423155925,5600.242590857391,41.0,6246.096206381277
14839.275434545112,6395.639637234994,39.0,7668.030761435409
7959.195571408559,5814.32772037702,50.0,6265.670502144799
18573.62636558014,9304.974026227666,77.0,12248.780528132638
21116.321236136122,8330.12691442007,86.0,14173.39744114548
25560.342056842124,14865.523498336053,89.0,16170.423750140557
26824.26341210259,14058.462568832329,92.0,16992.20088976337
31161.145924235487,9101.81011781972,124.0,20776.138201554677
26162.30153148582,7784.704384885232,124.0,18705.0574138063
19528.61870218903,4995.4523508201955,124.0,16056.32493802424
1874.9970596854225,657.0886135075551,124.0,9322.474101220967
4965.977050174061,0.0,124.0,10365.162868452986
3124.1355477346724,563.4712850361442,124.0,9710.964730752446
2660.4583919030943,233.561561529804,124.0,9557.951269328023
2813.5493985623702,610.1770131268538,124.0,9608.471301525586
2751.1835813798766,7540.77901792239,124.0,9639.778113471946
2786.115795834962,28238.449481222313,124.0,9675.01934087509
11269.140045959046,29377.3851780987,124.0,12950.159535504628
7352.547762226921,15482.456250156381,40.0,6104.656534205329
5610.659245998465,7048.137220056775,29.0,4186.957272147437
13812.173217440415,4879.205353611583,26.0,6551.692084297398
7866.937945558291,6385.798652304074,30.0,4823.128001239379
7778.0670471303365,7560.63641060597,31.0,4805.940208015498
19691.991051706,7746.262483144443,33.0,8889.673117864657
8141.949084521139,4702.015552746568,27.0,4658.259397909214
7162.551535335129,8623.033974714794,38.0,5110.138090553001
10891.913180053314,9266.847916128534,55.0,7479.3269326409345
21354.084089735767,5178.196847823434,66.0,11703.90241734276
22223.740548015187,7624.727321301556,79.0,13867.706874676249
19686.989062624165,12744.041004449298,90.0,14290.277540463108
20913.068909278954,14013.461875196082,84.0,14401.731422294864
32464.899633854944,9964.292812577793,124.0,21004.533784341536
21257.330111326282,5958.40843630821,124.0,16785.721715927284
13172.329122796655,3382.077540589714,124.0,13936.33157544044
1848.6588821663518,0.0,124.0,9301.914154213902
4612.6748719772395,214.31843441290158,124.0,10202.18270775249
3065.665799594705,333.8227183781564,124.0,9726.459774341469
3158.141844984111,498.10926247412954,124.0,9744.462268039635
2944.3956475925415,104.85861694160849,124.0,9651.650563705542
3790.770964464857,7856.880829406654,124.0,9930.954418273406
2695.2828020491147,24015.088532509704,124.0,9608.561562279529
6417.718493498406,41611.24783472731,124.0,11077.155359637256
13711.030605908902,17928.536340532315,47.0,8965.794937340148
10395.215417297693,4983.823496055153,32.0,6464.435249027937
12514.73821671725,5365.180997049575,29.0,6505.683070471712
13431.551981627566,5598.064704182215,30.0,6703.552668867924
8111.51882352633,4059.3868086449033,31.0,4971.551901966647
6763.824523430639,4616.813617554912,29.0,4331.211166145266
12788.469494135707,6149.20413783056,27.0,6167.662215223353
12268.852768868232,3827.157248640976,40.0,6912.892219472012
11785.533828749243,10402.847139947336,59.0,8173.708297594916
16768.291060071348,7917.1722234657345,87.0,12842.284303782919
20122.088318884857,7607.323971303568,86.0,14097.330311709522
16132.750637135112,13252.350721135781,92.0,13359.795637126139
27671.294111251817,12114.089571718705,87.0,16947.338599061808
19623.105274468253,12719.77772865817,124.0,16767.79998325259
22189.668267286364,8334.892290671542,124.0,17382.81107397606
17995.82656331754,3023.7088449666585,124.0,15685.17925233282
1905.9949629464313,24.84811155529072,124.0,9342.622738340622
2915.5936637257532,0.0,124.0,9705.931881480094
2886.642152286579,251.0687217145227,124.0,9632.591910254572
3193.657268840297,160.45588698048766,124.0,9753.131109676615
3136.7674298313127,318.76188320641717,124.0,9715.133251844336
2871.051782674753,8570.102030473046,124.0,9656.002077682144
3005.223122110366,12171.538493377637,124.0,9725.292129496633
6678.40001275823,19945.077796867783,124.0,11146.94932021272
9392.608118932061,16696.13002347423,46.0,6798.213899922293
9949.171757382133,7751.386871425917,59.0,8336.067837315213
10492.030969324042,7397.2508916699635,64.0,8573.556478914215
19411.437070069398,8887.906180934546,64.0,11228.71916364943
18370.68927988494,7911.759666648724,66.0,10950.317597111141
10469.079906073706,6629.623452765695,57.0,7572.100378880992
17819.862333941517,8107.393101191304,63.0,10355.823730767113
15706.83325326793,8239.452110931976,66.0,9897.524480468279
19775.893216743523,8780.780592896866,76.0,11971.99039136876
12199.484673796094,4779.325632625042,81.0,10737.801260209893
23442.259974510303,7017.194413685286,84.0,14905.706158787467
26465.165095113192,10470.326414997438,92.0,16839.491125646255
19739.80352336805,14340.973789068017,95.0,14790.944408759011
22130.09938068521,6801.0712417623645,124.0,17736.90925544344
35243.44368070654,9159.566530076832,124.0,21679.23371145695
19141.407739006936,3554.64277790434,124.0,15976.001878283054
1800.8562111705019,903.5895263436562,124.0,9274.282549686268
2747.816731628788,63.83185045604284,124.0,9683.652756022268
3230.061806444372,0.3251171989366412,124.0,9745.920396126647
3888.847741449045,635.8403032015699,124.0,9988.285337297397
2738.9933760234994,0.0,124.0,9583.867814087755
2886.7884355668793,1904.3028116213004,124.0,9632.640183737072
3489.500962045774,13832.150872131313,124.0,9833.272591743245
6482.85366361742,17938.73319301683,124.0,11068.807824751026
13729.633708824405,24379.90528392688,63.0,9765.858803944688
23485.25964434994,15487.808261960523,71.0,13937.067993685892
22262.324766405873,10809.311182601534,67.0,12714.729158583279
11825.98341579201,11141.312251278385,60.0,8438.009832745453
12838.957817555038,11418.25030567129,61.0,8664.454660592251
15986.450367088057,9194.596446982987,52.0,8976.451663904332
13848.036533387127,7782.43923771251,44.0,7681.515615052456
12222.192210896526,8176.299908997426,45.0,7232.408510851458
9661.504102474879,9188.0536820394,64.0,7740.550623577341
10777.645336431844,8920.350701939098,74.0,9724.291924525938
19088.024309997018,6212.250442025547,83.0,13567.439446591405
15610.044599596014,12470.748900114495,82.0,12389.821498612884
26350.70760542304,10886.145235575112,85.0,16118.613657054462
31209.29625241448,9438.242647712212,124.0,20670.866647159928
23239.17645401005,5729.349566079399,124.0,17663.378100912854
18035.586417802137,4900.934363567565,124.0,15281.506231545485
1877.2823127136303,1254.3252768417822,124.0,9312.780217508724
3822.902707121127,0.0,124.0,9990.402104437559
3249.680312558267,0.0,124.0,9752.39450314423
4381.689249726431,195.5063573501073,124.0,10133.932383803523
2790.0661224057276,0.0,124.0,9600.721820393892
2918.5461607799393,8814.910614383562,124.0,9643.120233057381
4788.7272735535325,34374.380318009695,124.0,10374.472953906332
5473.735915428725,33476.96247039693,124.0,10910.65296685544
11204.689455578055,16090.577924914813,41.0,7405.595930013971
10104.60980572943,5926.376562476578,32.0,5795.11275564493
11658.550429026616,2770.008749572157,25.0,5660.394355876081
9423.702279964342,5307.813683806064,25.0,4913.745451142289
8354.013037976672,6519.4260432504125,36.0,5379.760017885779
13950.327136500913,6453.074004513086,38.0,7306.513979092132
17369.351849087074,6598.384062166805,33.0,8054.059639195393
17054.343767726215,8630.529055875058,49.0,9141.576676205774
9483.34758351853,7424.184120914898,53.0,6917.070005133454
15235.71107553451,6286.18130354886,71.0,10422.387982556013
18432.141626282086,9873.224415741006,86.0,13277.795454544044
31714.92737788557,14469.156613569801,77.0,17183.75192790519
30751.690672359407,11804.64969372684,84.0,17443.06306121133
26098.457388535375,8424.994047082853,124.0,19087.526412319858
22892.522470345266,9145.17071553073,124.0,17712.079680242667
16966.909408165982,4003.6726264030367,124.0,15112.95845810271
1819.490572529203,796.578542265591,124.0,9286.394884569423
5320.348893557798,186.27919166910772,124.0,10490.353214486398
3107.549267998595,0.0,124.0,9705.491258439537
4583.092837750931,53.23341639026379,124.0,10192.42063645781
2810.513051611539,189.14418320345382,124.0,9607.46930703181
2809.460324786179,5728.709482112373,124.0,9672.254443130081
3539.0504078292015,27340.54548004599,124.0,9889.090460194551
9118.98522982864,32407.312453668237,124.0,12034.741220038897
19201.76067295234,15523.72632328966,45.0,10249.312747925705
13386.105830115905,7303.641409868469,35.0,7743.158624533719
13800.091097585622,4408.460651407343,33.0,7329.173699603081
14286.91604424589,7037.054463600243,34.0,7286.8635559580425
9842.55380657271,4775.434461187601,29.0,5390.029417766513
9267.0946673527,5393.777598598537,27.0,4986.099034896047
8512.959845486892,6575.0427227847595,28.0,4826.617064757019
12898.024026107589,5805.136575330095,37.0,6904.266502284542
10048.085082624173,9344.310906821955,53.0,7097.566087513133
19752.909471583218,6845.267155803785,66.0,11214.285756173596
22240.833805471102,7429.63203745385,77.0,13777.50845949923
24150.32954876359,12073.608851682797,81.0,14767.184643437986
30320.785251002904,13454.998061315639,78.0,16979.03837935613
31051.349828573675,6844.839958655804,124.0,20432.097258460402
25712.232742981047,6246.556176334743,124.0,18554.333314420233
15065.025752306265,2796.9013361961893,124.0,14578.146663707028
1857.5942018525598,95.70416758339852,124.0,9311.162243629606
3259.6544473836666,0.0,124.0,9809.210938923388
2756.80341375005,0.0,124.0,9589.745126537518
2899.778827254165,430.1790604065793,124.0,9655.629212809536
3371.661873422167,1157.1559664491874,124.0,9811.436870177797
3037.9761017340174,9602.114654576035,124.0,9726.155617609871
5005.58018448195,25689.11955120762,124.0,10520.874073265739
11423.130421584812,25395.634069889544,124.0,12817.55446422623
14144.259663168603,16155.876436421384,34.0,7731.882691822604
10282.495952034791,5466.07612675739,25.0,5338.304596094494
10471.503490983532,3461.2765236732866,24.0,5234.1572259870345
8835.281073636292,5651.944598850871,25.0,4719.6432249594955
8386.446122346313,5923.88739182901,30.0,4887.532456917694
6621.60424715857,6362.909499307877,30.0,4285.12940156233
8677.61815368004,6099.71835124651,35.0,5332.903714764284
9624.419769083335,5677.775115721612,35.0,5673.504038226854
13493.977723943512,8232.174091731586,59.0,8619.679236686128
8546.437999343125,8645.964665834139,71.0,7853.47499356996
17536.630006542935,7567.857959146628,89.0,13128.378788267722
15790.089395751695,9380.649630421278,84.0,12315.932296817384
24793.282440480576,12716.542756168577,82.0,15411.877645580265
24812.73431496007,8859.906265296617,124.0,18467.07793732451
24354.78439536865,5033.131606679379,124.0,18212.766264133257
21852.443675250575,2376.882130904418,124.0,16757.144732624343
1863.840960845091,91.35162696695576,124.0,9315.22263697475
3151.2060288368393,0.0,124.0,9793.284741961192
3873.6298622018962,21.21519726642097,124.0,9958.297854526629
6753.743089155624,475.5929177909313,124.0,10913.424321014712
3219.1278825858976,649.6745856172406,124.0,9742.31220125335
2980.3235961592736,10910.581792577494,124.0,9710.805942100438
5359.571307981415,27226.86619901569,124.0,10535.676090106199
9385.77062899442,26252.026742490056,124.0,12202.553466576208
14243.559036941515,11394.595047973327,39.0,8286.686353759082
20783.708353599985,4795.497512080442,28.0,9086.427685729803
6215.831675779215,5579.980783491923,20.0,3516.688481610971
8841.39650352554,4190.271991952881,26.0,4779.058864215425
9596.683346761467,9498.139443897642,27.0,5105.808868405311
10107.447734260963,4079.3546232628014,34.0,5747.453200954865
15997.98664554409,4551.329124053723,39.0,8072.160794921034
8750.69728812821,8200.514532086654,49.0,6429.460978452815
23995.242457062974,8985.669324914661,62.0,12312.822406515132
12733.62231088582,8075.118524778574,73.0,9371.037286813891
19941.588634788302,8657.640456878036,77.0,13071.565907803822
22135.785570337033,13073.693327201188,84.0,14485.751472748503
30901.62028009294,11545.982374542533,88.0,17794.96880597758
29309.576050571442,8723.764210772779,124.0,19827.629851890124
28064.511453895037,6261.46686447157,124.0,19396.833861855604
19141.787878413445,3130.37538412426,124.0,15925.033671785415
1846.258916629998,0.0,124.0,9303.79430823494
2930.2829689623914,78.26063786841307,124.0,9712.273594687544
3220.7950275058347,0.0,124.0,9742.862359076928
2656.362570313634,0.0,124.0,9556.5996482035
2548.2742033689315,426.4455357764848,124.0,9520.93048711175
3682.316141534825,11155.16314391708,124.0,9931.371547596618
3450.628955798954,32620.771721162557,124.0,9948.944715177653
6633.466066683525,42338.20950031578,124.0,11287.268602888462
8801.205932299858,16776.68843773836,38.0,6352.251207144719
12908.549012672333,4735.353816062616,28.0,6786.695099221977
11206.825465312744,5020.648908270165,26.0,5715.381983614424
13411.902326177003,3219.5507072055093,24.0,6172.934800008972
9105.613777651124,5208.318127951568,28.0,5000.952993655256
7146.115248051779,3743.1381611873085,30.0,4528.466352796416
9448.088940819267,6178.165120620931,38.0,5820.489417310218
9793.691555291827,5008.176996539486,46.0,6503.457617681794
12722.8389492593,7965.605670872703,60.0,8495.846773166919
14581.185300267824,6410.149776153437,75.0,10580.723019408406
19993.240975023564,9447.665435937637,93.0,14394.547228919064
22199.58392855295,11742.158269036498,91.0,15537.475360577115
28180.53781402144,13495.49278440753,91.0,17514.7548290667
24843.975704748216,7935.678727696138,124.0,18746.569680576187
21971.092246287106,7418.135432422875,124.0,17379.13792965224
17222.288429413373,3997.8884285954286,124.0,15402.592814055433
1800.8562111705019,391.8009609226448,124.0,9274.282549686268
2820.2114702960307,102.1164561844431,124.0,9640.68813407988
3145.881085924385,476.62574167770026,124.0,9725.269741924692
3251.7129168807714,671.0093515508497,124.0,9784.486049931364
4358.119769914202,224.47794895429786,124.0,10118.179524071691
3198.3267751377,4910.623356085613,124.0,9735.447835795441
3125.841256629114,10354.505617321624,124.0,9805.05354703106
4174.051962807459,19228.159839389424,124.0,10316.949513095287
8955.993688608063,15081.882307604965,44.0,6608.569293018866
7795.194244730825,8782.303542855892,58.0,6904.920965863364
11918.841421304034,9250.220131637358,50.0,7589.518449573063
8283.956894146988,5741.252664140208,55.0,6728.003101982636
15204.76588529789,7359.489659516995,55.0,8979.576960279357
13340.508579968217,8406.23296627688,52.0,8120.263500527585
8423.090517280267,10536.004954172999,57.0,6847.766077665746
10078.765416046737,11486.358259625393,68.0,8170.285010392615
22882.99550701401,8536.02950461802,69.0,12518.558094521242
22785.76352715686,8356.958740756892,76.0,12946.40287118542
15889.161136571702,9637.533542246558,73.0,11277.270735527221
17552.260928122145,12420.987813484433,85.0,13081.783709964522
23457.7044174781,12239.336977418281,86.0,15291.568925845539
22879.368229607786,7593.011524307386,124.0,18031.810278280365
27867.238294338997,6325.400807125572,124.0,19443.927521160847
16136.153048174498,4628.773749373402,124.0,14985.779443380916
1823.8270075728574,424.78372978530825,124.0,9289.213567347799
6184.697756317419,0.0,124.0,10898.741518573031
3940.616486190506,406.18249556825805,124.0,9980.40344044287
3372.4880241829437,369.0029506806594,124.0,9820.092707827713
3478.886000210799,372.4788510154622,124.0,9840.390801400557
2445.8455881964196,6168.772387937922,124.0,9526.03509485823
6089.0322257908765,15635.253333139326,124.0,10773.44173592279
7268.833708999626,15006.901595815734,124.0,11348.796032895862
9015.94983879748,14289.701419025803,44.0,6565.526856428342
16817.25405101893,12879.761995005263,73.0,11868.753780322157
19267.103572824406,15056.000624885348,66.0,11505.182217328324
19844.87324816578,12167.07161699875,59.0,11017.51774186863
19462.699739146618,8459.273047433047,52.0,10283.923708052647
15236.726313023955,8184.508431991468,54.0,8870.582011683848
14204.236615191809,11863.507229790079,47.0,8013.47296425167
12734.561531227348,8874.899675662055,54.0,7988.166593601764
14457.394624797289,6921.274840649854,62.0,9159.757341849021
12412.309740415538,4947.635829354574,67.0,8821.999466495798
26646.59849277291,5596.710845642536,78.0,15079.999124159849
12534.248885804514,13006.454092016182,77.0,10619.631757545667
19258.488386634843,14659.599821847056,81.0,13303.167696541583
25543.87951348395,7887.626262436947,124.0,18616.696385324452
29386.847659436888,7783.172055715356,124.0,19851.614503232293
20468.88122269926,3211.5342454204333,124.0,16410.183378939648
1889.3575262286095,183.47736245359604,124.0,9331.808404474039
4602.192629015571,0.0,124.0,10288.840155643027
2886.9311395860955,423.88815827149284,124.0,9655.190563610335
2964.2692417513713,2334.7234406551343,124.0,9701.516178530446
4429.971483327069,919.5770388309535,124.0,10178.548353296223
6204.291918747608,7136.398908948308,124.0,10816.558693488592
6591.86857056352,23883.90205021376,124.0,10945.88777168336
14649.582921696325,28061.846721417027,124.0,13897.184193556435
13142.520326665455,21492.863941691703,42.0,8081.028765892479
13566.127131474057,7105.813520471208,39.0,7403.43226555181
10965.172044955792,4758.111159187027,36.0,6288.554017617847
10948.015745631461,7496.718597962678,37.0,6294.156144374092
17436.184369220147,9820.021947713878,37.0,8421.253706473872
9335.87311499974,5727.340125128147,32.0,5381.9500926103
8108.558788811247,4333.994949579549,26.0,4510.901823732223
4846.845472065545,8133.102529007538,35.0,4059.5208956171223
9602.767495362996,8534.92962738963,56.0,7153.579308365506
16799.059930867767,8378.813522319619,63.0,10016.1496038438
18085.340421440327,6326.83270883377,72.0,11857.577215474159
20603.43234698368,9917.932449232478,77.0,13474.53257568716
24834.682914505218,12935.60363769339,75.0,14913.20198857125
20470.884721504302,9562.510224608624,124.0,16954.970789217823
28809.730986572933,6375.995045576603,124.0,19633.88044288424
18550.559243482225,4143.71439611859,124.0,15561.370281045038
3482.012124369207,196.1380156869069,124.0,9846.695546796804
2882.4120637330598,94.63887562326467,124.0,9744.79484205189
3131.5601818699065,756.6860219052993,124.0,9713.414860017072
2899.7488188654647,388.63618072361373,124.0,9649.6869232887
3245.977573391178,0.0,124.0,9751.172599219091
2883.1715532409507,3922.210840748561,124.0,9649.24456086161
4661.727710088378,21333.725833206623,124.0,10268.34234033371
6537.47189149593,35564.04780498079,124.0,11133.105150005862
13665.405106473636,15633.29495325638,36.0,7761.948744941945
15155.24491489175,7882.169960701994,35.0,8195.684773001098
8352.91003746462,4405.245794570151,28.0,4985.4942251718985
12796.913051382933,6115.720110608358,31.0,6496.5200000275845
8740.99042493468,5374.420697889445,34.0,5286.532167221226
10938.384920599861,4968.458450212019,33.0,5938.157147393389
18112.42629959479,7916.886805739906,37.0,8616.213999324998
14197.16645887252,8280.340868770221,44.0,7811.308914659532
15157.740582719443,6995.997869413626,57.0,9034.23611910142
18190.24633087023,8560.59947748195,66.0,11265.507077697246
18194.33833841121,10300.135445396229,92.0,13457.250337492369
25301.90279626433,11574.801892549978,89.0,16123.0528809306
17417.655976072037,12856.059969045516,87.0,13328.023839463118
27302.402538603277,9779.0732646546,124.0,19383.72654689575
27341.65677169329,8149.371527851962,124.0,19269.379341020485
17159.868954161757,4805.274401437771,124.0,15460.610117516368
1817.2352252843818,377.6773558854747,124.0,9284.928908860289
3357.7573863038947,0.0,124.0,9954.443186425913
3290.3299475943427,0.0,124.0,9771.770641606812
2997.779212839068,765.7608649091484,124.0,9670.190302507848
3287.0652639218606,348.1344958409357,124.0,9793.790755512262
4243.902736109613,10362.29166911176,124.0,10109.316432680422
7909.861277349161,23154.026360292668,124.0,11406.91070634555
11539.920962325985,27571.612865105693,124.0,12833.896987393817
16059.58528168529,16929.834080782348,45.0,9332.524462221529
8037.10888379422,7942.762342398382,34.0,5296.652621258724
16386.35394946874,3451.9036200535484,31.0,7733.539536101736
10084.676593391834,6811.890518119062,32.0,5663.749680523042
10430.384097473441,6149.645648023517,36.0,5985.226615742689
10690.87121478934,5614.113163160752,35.0,5995.9482228539655
11302.637059192153,7056.755201593724,30.0,5865.283349224368
10663.981019592267,6339.7109344687005,25.0,5284.465552695965
12847.172809806574,9717.714144347547,55.0,8147.771144365086
23168.646694914023,9823.247379941398,81.0,13888.026942932926
16212.845470704635,7304.276247354938,88.0,12806.046591830434
20420.112340690255,13960.705798260164,87.0,14270.607519125884
20154.150664807774,11335.022830712098,80.0,13683.828262030633
19003.11723661594,7957.315421785214,124.0,16225.571607638794
19675.182872143087,5824.237917653938,124.0,16446.471239996208
13322.829739223826,1326.4685703101877,124.0,13614.8494573635
1804.2817382713524,0.0,124.0,9276.50914230182
4060.2170436191677,0.0,124.0,10019.871624394329
3845.040623533418,0.0,124.0,9948.863405766031
3654.005338939522,124.47321167554085,124.0,9885.821761850042
2510.90753752171,568.9616654682906,124.0,9508.599487382167
2913.643973851288,9241.719536171293,124.0,9705.918928501273
3969.0479888774794,28330.921906053794,124.0,10101.9299587049
11165.653159297635,34500.960890942006,124.0,12775.189289598857
19443.475162332295,17091.96489247751,44.0,10418.981207901412
16717.23680907719,7190.555332007136,36.0,8724.632631561391
8860.10655806635,2760.3352908842267,29.0,5118.325315656959
5006.017227710056,5785.955010031443,25.0,3494.141578803906
10897.426031715706,6842.367653725948,30.0,5736.162869594021
13555.82390901337,3785.0287460107975,26.0,6351.376433186523
9439.449770400932,5893.17890975646,27.0,5030.5206596662965
13574.862180055474,9145.080120603458,43.0,7542.919858940488
15610.424110204925,9317.911157075934,59.0,9310.225395367637
22664.87026019645,9352.507738194427,67.0,12905.605708272395
18299.357420269193,6463.308605987236,75.0,12454.521691035938
21254.53892409324,10750.295748286786,77.0,13608.272289044164
20685.092244498363,12669.19900928405,83.0,14031.943038222995
24503.762344817158,8504.984848495822,124.0,18193.0559091795
22472.66903852929,5193.900328025501,124.0,17418.022224386066
17614.13930730112,2413.597306086061,124.0,15034.853906723776
1819.4867077351212,96.98208645371099,124.0,9286.39237245327
2734.382869737561,78.05873155671483,124.0,9601.212476328159
3537.079437417239,244.380191183649,124.0,9847.236214347691
2504.261244661025,89.16715798166891,124.0,9514.72066282709
3036.0027634504613,0.0,124.0,9681.880911938653
2889.7927700043188,10566.877566917925,124.0,9633.631614101427
3566.9210488172957,32646.05802144793,124.0,9965.54154287368
6717.9592476561675,40439.781434785655,124.0,11222.572750076635
22696.133022894035,16222.628436297546,45.0,11502.404302208972
10048.309551187125,5905.0619234389615,37.0,6436.589805918862
8202.686867516066,5763.624015701268,29.0,4955.291027089684
9306.148603912146,7517.727624956551,30.0,5296.627896180997
8407.199639535134,5146.039730111201,36.0,5376.97779269702
17603.36788262188,5811.278888466955,36.0,8401.893994375083
14423.328796810809,7448.8053613046195,40.0,7597.621841554075
14947.414336601038,9285.65836495138,42.0,7886.817839014184
19884.322029749845,6951.695827479334,59.0,10790.60880427845
23271.191112411838,7269.280701661962,72.0,13358.655295711773
21912.68814443168,7329.273900246666,82.0,14113.916146945548
19170.643553719223,10844.640797077987,77.0,12961.71810311156
24684.500456715352,10593.952878023965,76.0,14714.10839497232
21905.99831893012,8812.68677311375,124.0,17248.537618213024
21078.8655157984,6002.128912097246,124.0,16692.101654837094
9451.09408103803,1616.0241929692215,124.0,12370.381667820213
1824.671968990349,0.0,124.0,9289.762792269168
3095.426650816384,0.0,124.0,9726.692717732389
2809.0358260073203,0.0,124.0,9606.981822582418
3867.631069108354,12.797580355623117,124.0,10000.479934442003
3092.1967719914796,602.3106649638154,124.0,9700.42493475719
4187.849447216526,5609.052361847585,124.0,10073.492337182275
3263.17457894393,16811.482142296496,124.0,9880.091841304731
3986.448456581339,29088.299605031036,124.0,10211.885259438443
11674.2698331112,16737.886261955184,56.0,8355.72073129475
15239.835670495208,9798.167688169426,59.0,9402.462624889433
15310.48319544025,8409.288763181088,61.0,9464.523639434216
12104.128488735503,7701.974404933055,62.0,8434.30269652053
11696.298680169679,7811.518246845342,59.0,8043.258098299553
10501.33824265646,5207.573225884576,58.0,7568.038756194679
7084.430065714583,7275.848203307359,50.0,5864.160503228457
6311.47006413943,6713.190461737631,61.0,6406.553690631115
9587.456629858232,7049.510949911487,63.0,7635.666648046411
16029.285805589678,7036.173505238305,78.0,11249.212847340066
25943.627645710287,8796.315015405262,79.0,15340.106579225652
27592.971114946988,11019.697256674397,81.0,16221.149546061297
17927.074731788067,13837.917370369967,82.0,13089.71153098383
18512.295917083764,10371.21968277488,124.0,16163.205879435867
19184.243303082458,8319.843016906549,124.0,16349.4401493228
13254.25575184032,3402.797577112044,124.0,13866.32673371531
1993.340992874369,1080.8397728373297,124.0,9399.397657793781
7460.062243345293,97.75068337538589,124.0,11253.05446318563
3786.6246014281814,0.0,124.0,9954.210006913925
3890.263945344258,410.0466570485694,124.0,9963.787101963608
3666.8553292010843,0.0,124.0,9920.954520771484
3552.2483857475568,3183.932762130381,124.0,9853.924339616817
2600.077957782645,6747.876092481986,124.0,9557.581684935396
5638.897622880366,19507.732320177376,124.0,10735.94987315744
9942.330023897212,14330.83910928828,49.0,7369.030340510815
11772.723466082913,12026.293670991528,56.0,8588.439415639636
8373.790125793881,12365.91914829528,61.0,7438.443775921641
17016.09076930108,15039.567747627667,66.0,10403.470756160144
12593.941545232803,11266.322693234097,60.0,8508.64777258272
13864.539190857091,9859.02983790509,55.0,8514.998934108811
11460.288354231729,11267.23838159076,60.0,8090.864197005924
14247.51084450054,9327.248591242327,54.0,8521.799246109227
14520.55890491519,9704.591651014924,70.0,9778.293142333807
16569.164308480118,6901.163942500112,79.0,11101.991460735922
13475.106919357502,8212.959122289005,73.0,10295.316191481155
20018.599726225944,9093.134678262782,83.0,13493.765289524814
20155.530632655464,11099.697979688117,82.0,13711.552386750505
18898.299755091914,7636.011193737326,124.0,16363.821530501682
25286.070201296367,7563.040472049017,124.0,18474.105673741356
15893.103718380748,3489.426320635962,124.0,14886.866872651317
1892.3784631024523,1038.0758865058424,124.0,9333.772013442034
6706.213997962526,0.0,124.0,11075.138373311007
3534.8843801149146,0.0,124.0,9848.708383084037
2615.761056357366,0.0,124.0,9543.201148597933
2996.7181025091,115.81448961145554,124.0,9668.916973828007
4896.313326471655,7725.12492457442,124.0,10343.260694791028
3208.5319271325643,28681.780598560035,124.0,9834.259570909226
10311.812773338328,28422.364238037328,124.0,12466.316266511083
15446.664157169655,17148.597755886243,39.0,8735.773071553725
12933.263388623302,6598.788764729818,27.0,6793.225740936669
13255.621060690974,4384.308851735884,18.0,5883.017081772609
3758.0748036930977,5021.963608500766,18.0,2650.142297946738
12961.49194519107,6874.566174924063,29.0,6388.532218647863
8082.562258948081,9167.405494982004,29.0,4720.031770542901
12367.149774134718,5525.669308630066,36.0,6631.598846490865
10277.315446985605,7222.149927191839,44.0,6523.543796447976
19396.48102142096,7995.899363482247,59.0,10620.725584211561
13844.916631401275,6833.362612447113,69.0,9453.383873305474
14671.807672579453,6646.811060928491,81.0,11207.189276178771
22317.427509786383,12579.350035700329,74.0,13859.431924857487
17662.747633956817,12950.16847153843,84.0,13049.416791082069
30004.454994156917,7757.601243915066,124.0,20107.326886700845
32527.742197136744,7745.965467334943,124.0,20949.025442054834
24972.535644849624,2538.515355106226,124.0,17821.05412645032
1819.6842276762766,486.65018568206574,124.0,9286.520760415022
6513.631109068543,0.0,124.0,10915.655655048902
2873.612436358924,0.0,124.0,9628.292103998445
3229.7357476608213,420.5980535964482,124.0,9745.812796728074
3186.2521690780964,99.68473289087416,124.0,9745.861603299716
2405.4211116535507,6071.59182624463,124.0,9494.895156939352
3427.0996234462673,26813.832917214902,124.0,9913.84989121543
12318.560859046225,28938.46434942276,124.0,13360.671907003487
11479.982099045234,14674.817750195503,40.0,7681.540190288903
11970.679940837026,9033.50778946057,42.0,7466.808023431715
7348.700908213014,5197.554509430038,34.0,4990.827255241848
8205.683126206019,6404.450069999541,30.0,4862.080730119443
11377.233731972614,8378.394335613708,35.0,6256.458650892102
8543.032167602803,4322.72388594551,29.0,4899.691687973133
15832.149958065644,4827.212171478787,22.0,6820.227454336087
8641.670678225733,5694.139814878504,32.0,5150.998067823277
10160.373642085307,6358.2882278143115,45.0,6606.537834090907
25385.00758442961,5571.251528268585,64.0,12902.833010334434
14396.015740336874,8382.463652828708,81.0,11033.617063270918
19198.866799859738,9010.907386873352,71.0,12504.920600065725
24001.912566164487,9696.50487860457,79.0,14625.692256854825
30880.072130466087,9252.752220192457,124.0,20305.758425043266
22228.733814427058,7070.713650427478,124.0,17079.919742840786
18026.99822754921,2694.29393461983,124.0,15445.102918650342
1827.834283664341,1000.9390418260979,124.0,9291.818296807263
6116.8407970070475,0.0,124.0,10764.590716717545
3411.0815820381104,123.3167355765278,124.0,9805.65692207258
3019.492093712763,253.9285545921574,124.0,9681.18504663831
4592.512664175876,1545.3253898452967,124.0,10219.028527156292
3620.3862621913972,15180.919000522452,124.0,9976.638539499723
9685.930550462712,30241.19228412872,124.0,12015.164005238472
8526.918141755441,31603.898145316638,124.0,11935.331528338798
15345.030714106417,15341.786272445479,35.0,8450.16682226803
7768.282605863569,6771.516209198348,30.0,5033.642906490997
12816.289718301945,3527.0127693224695,27.0,6309.971583923907
10213.608794515016,6340.649908373318,31.0,5618.516443286701
8862.716060967663,9862.852271662032,38.0,5641.657027031
5709.98966999543,5499.477160017936,33.0,4199.377286100061
13015.108952009381,7624.053210351306,38.0,6968.672720887793
8432.98275063521,9592.658047617912,39.0,5578.706040132177
7060.370615494321,5282.193859964857,54.0,6200.546080119013
20066.642917143658,6736.263417929068,66.0,11381.88481876909
14989.245398417937,9322.67406116516,76.0,10865.579122969602
23974.767252882983,10597.263731078865,76.0,14586.562872836344
26211.152185521634,12759.375828538681,79.0,15558.725848618753
22388.815431214145,7474.880784219379,124.0,17642.76747063123
23599.160379108944,6052.895531642219,124.0,17986.09244963518
13216.285792610617,2042.835509019376,124.0,13857.05966999266
1800.8562111705019,669.4833996886387,124.0,9274.282549686268
4558.114970880488,55.461126677598806,124.0,10228.387475625106
2659.025039094197,0.0,124.0,9557.478262901088
4512.866334788407,65.94392241419602,124.0,10169.245890480179
3367.1016938471835,207.2979630978157,124.0,9791.143558969574
2694.9046397159213,9123.034535785517,124.0,9569.318531106257
4217.678594989682,37855.56855800181,124.0,10254.403314592226
15056.103609950496,31730.92849048531,124.0,14141.34834183945
19420.394062560958,16895.948324222612,42.0,10086.94035728341
10098.652972483671,5338.264009987066,36.0,6447.107355563196
6876.003350356136,6060.781066631185,32.0,4661.572553185369
14299.154098872224,6244.953173185979,30.0,6918.863738069902
7306.93577079368,8732.857745927015,29.0,4467.817748209801
8208.854407622235,3946.757885711951,23.0,4339.242077409525
9678.446208232232,4160.0336495373085,24.0,4966.8953617765665
9943.051486673497,6925.460065288749,32.0,5591.697151564681
5243.845693151126,8265.940600650416,55.0,5582.563563685432
15534.893206214232,6344.760706316679,70.0,10308.790650483528
19752.447107838332,6534.791643640058,84.0,13805.031161858049
20189.223885786734,11162.545877516794,77.0,13690.801196769973
25299.23341671806,8079.414452109114,75.0,15319.342626959262
23077.049786893556,7075.428656784382,124.0,17853.96922554419
21547.209495474945,7061.076299157398,124.0,17151.388959192616
22377.941710109553,3151.1010979019106,124.0,16905.677870670243
1815.65404932585,497.7058358274711,124.0,9283.901144487243
3638.3419066961565,0.0,124.0,9921.029740057531
3646.898125789878,0.0,124.0,9883.476381510663
2590.301194667921,19.988458659934498,124.0,9534.799394240417
2349.232977810878,652.76171181947,124.0,9470.119872708952
2944.141950663546,13099.228332516428,124.0,9708.738328997904
3677.979474890084,39673.3203331138,124.0,10087.892137307446
12847.653220778491,52561.796100766995,124.0,13305.884926610895
10463.984715748851,15395.302196741912,39.0,7016.556509999476
8355.922172309402,6838.438282343993,30.0,5330.261029518852
11417.449855043506,3538.543406814492,32.0,6211.338805478769
11638.601578924212,2412.0393333798897,32.0,6179.316295480674
16656.736677593035,6111.641779374518,32.0,7843.092370536517
13436.881017993019,5048.36372272931,34.0,6901.47689480466
7986.433520423006,6567.946961533929,33.0,5032.816363379135
9081.43472067093,6510.012456362414,42.0,6001.9522611805605
16852.554573891623,8092.190742622005,56.0,9569.38332187158
14635.113139193852,5377.686730554482,69.0,9881.185429532003
23792.824586209135,10732.483888264594,80.0,14531.21709346395
17914.93328273164,10745.800104779157,80.0,12747.399355667005
24207.352863337623,12464.520930961891,78.0,14848.157540530348
15143.1603148931,10052.72311570781,124.0,14964.471049988038
18726.404161941777,7154.72510300077,124.0,16111.122834203767
16978.726205451312,4345.9849224605905,124.0,15237.583670827635
1874.2055077391165,118.0905443117333,124.0,9321.959592455867
4875.455224105092,219.8297493306299,124.0,10447.202112853329
3133.205246521792,0.0,124.0,9713.957731352191
2735.796041653641,0.0,124.0,9582.812693745704
3010.366912929509,506.7420354529284,124.0,9673.421081266739
2445.8028232309302,5525.902841319734,124.0,9514.341412040725
4346.109406973194,16958.527512844343,124.0,10183.937416023828
4210.549707128477,28841.978613496194,124.0,10293.169658436926
8833.140386844792,13355.39536034853,45.0,6687.9445910281065
15415.64964422344,7170.401708194584,56.0,9451.419749189454
14211.179802764069,6639.153969271511,43.0,7926.138438721946
14305.115439122046,8084.6841616296815,50.0,8367.741842303521
12954.12387980152,7127.5518606926935,63.0,8846.827028393885
12528.987256120228,5994.9113038579935,65.0,8764.125186179466
15057.579286207227,8850.641246929235,55.0,8949.336125109747
20021.871594530006,8905.829277816913,60.0,10934.562287098284
6971.223579456929,6892.276076024894,65.0,6962.903533523442
17025.198770521227,5635.912893508313,71.0,10715.246632137814
13325.976812541736,8168.239892003811,78.0,10297.976644888855
29334.925961195542,11570.983481146211,76.0,16233.667852680517
20878.733514005013,11044.400944348577,80.0,13878.963352392355
24892.108482440104,10660.023749099424,124.0,18321.169608272106
20521.13969390079,7003.922221181602,124.0,17026.780626798878
17781.433258970585,4497.531775780643,124.0,15661.566040727794
1912.5394520848702,861.456423076056,124.0,9346.876656280607
2733.6887057569857,0.0,124.0,9648.589648820735
4957.39502435575,310.6566704051879,124.0,10315.9403580374
4102.579878813503,366.34818336889145,124.0,10069.021115464022
2961.894617355786,666.0646218350469,124.0,9690.014279263065
3312.676988723869,4090.1082164079257,124.0,9824.622220614294
2442.066883395271,8897.458664587917,124.0,9538.85419268959
4878.31296184696,19116.395124176208,124.0,10509.583590713015
11886.0082536789,19121.18856251724,54.0,8382.994396985185
19264.084102508346,18232.965898847677,82.0,12706.733747853064
20578.13192190371,12555.451132936034,72.0,12086.481807168238
20958.99800609453,12087.244518225762,70.0,12007.073850935933
19321.72072140355,13238.737166629822,60.0,10652.24405191592
13024.179293034902,11513.579590744432,62.0,8745.631370337334
14907.7425965554,8604.60784328366,60.0,9206.433496892972
13692.870333171284,11123.956716848197,68.0,9405.380697458328
11346.037600362104,9761.366925063045,69.0,8708.222909284967
20298.784646827615,6196.465812755531,77.0,12196.931389401194
25056.59586291886,7987.929076211712,75.0,14677.240328299233
17629.798675457994,9256.655905091451,75.0,12317.236156274572
25799.427827685107,11007.47722774474,71.0,14790.978885334136
20661.416801058374,9879.210264227664,124.0,16799.844837474055
23614.550793233193,4401.110629127268,124.0,17531.958714186498
20474.937535717814,3915.8013139252544,124.0,16371.020815116657
1815.441976801858,592.4741103247428,124.0,9283.763297346648
4894.867738893849,23.593356805729368,124.0,10402.216411327718
5211.322249831249,3.295459296492239,124.0,10436.090779618486
3153.590738894846,60.94881208647664,124.0,9744.13416960264
3876.051718270847,278.13968696373826,124.0,9959.097067029385
3236.848130261414,7769.592505961844,124.0,9817.326444700338
2823.5421630607457,21469.29319457834,124.0,9719.439313338633
6880.991575996552,25355.59354701375,124.0,11421.528394530002
13225.426148580591,17676.04028578202,41.0,8107.698734770626
17931.603566978396,9523.32085019198,36.0,8922.684743334366
12273.684620431657,5020.944550510839,29.0,6421.328135686735
10406.12810594,4923.03736320374,27.0,5382.610502432115
8483.137593465508,5539.5322035083545,25.0,4601.118571055712
12383.8361639479,4249.905817845589,27.0,6028.198417856449
9032.765080095283,4650.267537327142,27.0,4896.029856559438
11810.398634851743,7649.15013294636,44.0,7017.974512421103
13007.723370189276,8437.125972740227,62.0,8708.950059694023
10174.549483053832,8693.458484738165,79.0,8950.174269578716
16269.262658897798,6634.226910090973,87.0,11979.840955650505
20496.544094943616,13115.821447252634,85.0,14188.37553671124
25913.854632981427,12180.185031461342,87.0,16213.659658460127
25131.15368316216,9082.67690335835,124.0,18820.12064928073
32487.874820754045,6831.447662734674,124.0,20962.43946548746
20042.850775877545,3827.521153690666,124.0,16129.046777661551
1829.402270344256,859.6414797295815,124.0,9292.837488149207
4753.716052107236,0.0,124.0,10342.923249705258
3066.7326771935464,0.0,124.0,9692.021783473874
3062.7235737153587,409.74702361579983,124.0,9711.689991173927
2528.192796739039,487.757110642828,124.0,9516.936772595553
3303.417404759835,12873.140518657057,124.0,9809.589762240275
9740.77499870412,29833.59559373644,124.0,12081.423662056553
8404.906480447915,29814.503953517633,124.0,11972.6694249716
14297.84884523115,19045.118960448697,38.0,8087.423532991594
9826.317255844222,7961.634789364226,37.0,6038.6947026440575
12260.464938146093,5864.233756826135,32.0,6404.579067539947
7675.504792206483,5305.469616304959,29.0,4628.855615384716
15191.467912341877,7975.872863194471,36.0,7565.335081772795
4015.3444530263687,5921.580285827847,35.0,3804.390423474414
12946.490948010076,7258.045174844656,28.0,6306.540406942149
8450.414673180485,7521.281638355026,44.0,5928.897882455645
9393.276589534953,10080.568063215042,58.0,7212.399756887208
14239.238304896178,6612.875426288694,76.0,10282.11306044341
17946.145472670756,6388.390893319809,80.0,12487.87019130434
18996.689494514594,12064.70163417303,84.0,13613.43712409845
24457.2382356248,12772.514749364369,84.0,15707.741569226537
34191.36899805033,7101.9019395992145,124.0,21428.600634782048
26370.40697006793,7036.242872140339,124.0,18843.071022834225
17236.774316916155,1743.6216016916246,124.0,15370.766034483655
1805.3418340962146,511.63521129898726,124.0,9277.198204587981
3288.2274661453675,0.0,124.0,9820.664339383344
2770.896918554009,599.8145013783128,124.0,9648.226770030973
3421.7091002065094,100.5737619176507,124.0,9813.731372535947
3240.5685209432745,585.2612441550009,124.0,9749.387611911283
4102.319459496054,8771.906429472534,124.0,10054.968875207933
4136.011982596088,43788.251316941314,124.0,10170.048797493737
12489.439621021862,31571.86499316485,124.0,13307.954082297
12831.536242136312,15754.59048323864,39.0,7738.6369223066
9818.064299022066,5577.979283070907,34.0,5803.388887568235
6243.6670236764,5580.124997260795,31.0,4364.336996489564
6309.880865917207,7275.881619663971,35.0,4627.085006246755
6258.437965515686,6666.580603396458,31.0,4307.7248671456655
9922.335311563646,4797.620367339596,33.0,5669.293239670603
18100.52995862072,8260.398509804998,33.0,8351.654907738404
12271.373397695905,8509.365523720815,44.0,7176.930416402282
9534.322552444786,9217.59571266047,61.0,7508.242176338244
11807.077012146547,6460.679638930534,63.0,8437.820052622876
21145.404464370073,8561.394132170019,79.0,13746.429519079527
18524.17786570765,10348.067771402717,73.0,12742.726036206737
26489.311438688903,10503.076421118127,77.0,15616.239539516764
27146.32760582772,11750.62265102994,124.0,19252.892752756088
26621.922682462377,6730.70067276641,124.0,18957.09760257005
16161.027636566832,4391.369832098919,124.0,14734.058812729825
2790.5526768255963,496.0925242102394,124.0,9655.14848535607
4657.85018469672,0.0,124.0,10253.972795301883
4960.266008032286,87.88583394208301,124.0,10326.808057836464
5041.352976594176,673.1805496345895,124.0,10353.80451006954
2680.042645727455,723.4777375047715,124.0,9570.915313481444
5831.143896126213,15703.771778339613,124.0,10722.68289927014
7533.382950260295,28681.16063327643,124.0,11286.632888482352
14188.228272245844,27237.375802879717,124.0,13918.329328925207
11102.125151416787,14250.237812609357,37.0,7132.578483783062
12210.9344664115,8163.474723668428,33.0,6599.877144742169
14215.34712793464,5367.267932757178,29.0,6845.461601806533
12400.812166245172,5036.599381994208,35.0,6581.555756047567
12643.81712678379,7387.60851630165,27.0,6122.619458494062
11475.362808424594,3783.911136769876,26.0,5691.718100533784
18476.587014743196,3761.5803735841682,27.0,8033.499297853318
9926.791898329977,4709.099224936155,39.0,6054.086996846193
14208.392427470324,7736.8700278196175,56.0,8686.850826756388
30316.849572595696,8377.230779198899,71.0,15029.244213108286
9882.216353116257,8302.98702278848,87.0,9905.00573832224
16810.746216866366,15788.069826572662,96.0,13478.022820767166
29051.077045702776,11899.592800383054,95.0,17818.339891105854
33749.70569493848,9697.689656541806,124.0,21549.185492001154
24613.22965973501,9909.173864128812,124.0,18284.2469402032
27572.093104349497,4543.619700877399,124.0,18829.756018665736
1840.1165364021545,103.82083314613749,124.0,9299.801761086841
3956.738478437832,15.083693141334999,124.0,10159.649933576426
3313.0033803524866,401.92050789979595,124.0,9773.291115516324
2906.130203932016,737.9241072718675,124.0,9648.235156609197
3817.6945035270446,328.44553866597516,124.0,9944.623850618018
3234.0551599281935,13121.06857582377,124.0,9763.98452836563
7755.110529067771,41007.665106161156,124.0,11396.722872036426
7737.207286144508,49542.84280903569,124.0,11685.987946317302
10966.510315223388,14810.047394605015,35.0,6372.355039582789
5410.057361010475,5458.1423625465795,23.0,3533.908005710879
7859.037687732326,2423.6603382024605,16.0,3763.8548247170565
10047.327733858405,3375.5249667760295,20.0,4764.427445561887
10016.318306883566,2991.168434486942,22.0,4871.805277499916
9714.876945091899,3368.3873257744435,34.0,5678.095156324347
5309.711459850096,7218.398926520378,29.0,3887.636761589115
13590.985414864519,6250.769350463836,36.0,7045.494979541173
14119.642088042407,7592.900856766602,63.0,9130.460173398973
23421.277883724426,6515.207664426789,75.0,13037.881455804287
25917.468992422364,8417.582277177056,85.0,14887.73358309136
17737.71767584306,10540.480090948724,76.0,12490.929365069633
27094.388956071845,13513.255304390594,79.0,15867.594503344011
24925.191941593806,10112.12005256604,124.0,18482.20162258168
25648.473821257998,7334.623083879736,124.0,18256.51048040514
13448.045198741269,1966.3453791296422,124.0,13990.527649733995
1827.0198418679042,184.95655470229684,124.0,9291.28890963958
4717.151428567588,0.0,124.0,10350.037718120984
2919.092638203347,0.0,124.0,9643.300570607107
2929.4467880718216,1664.7069585086779,124.0,9726.60376477915
3374.751888584375,873.1188171736275,124.0,9822.606282245459
6018.303362805713,14608.727413348668,124.0,10739.02065528681
3888.302628614548,13396.043481855528,124.0,10078.657278209466
4255.547268526261,24960.319734037388,124.0,10336.428668362321
12107.877773208183,14576.931392049104,55.0,8448.601850951243
15866.961099979348,9765.601725643997,64.0,10069.943023248632
11287.562521857186,8543.62196190503,64.0,8416.7735744101
11233.370100260257,6042.547688556711,66.0,8519.410667326145
11869.521369278877,8344.280193556378,67.0,8778.089762770142
25399.704721175058,6019.724123668951,60.0,12690.702179191732
14241.603011315961,6816.65564740536,53.0,8464.349386059499
21970.681947639612,4701.085992261456,48.0,10666.620338793913
16127.376565712408,8718.389530554105,56.0,9303.532164274473
10786.888815748414,6902.506731266094,60.0,7887.113892467125
17384.06734389887,7163.9831052511945,68.0,10910.474524828538
20892.034889737195,14275.067960927856,76.0,13556.565956184018
27569.522153569676,12666.304451626604,81.0,16335.039938569986
26464.67790577762,10064.950976093052,124.0,19054.753889305222
18413.95703555343,6818.270371151497,124.0,16133.95248118424
19152.474621963513,4283.095797398128,124.0,15809.855347167782
2910.5874917399183,0.0,124.0,9658.44056998915
4477.394754352599,0.0,124.0,10304.734926637486
2924.906918382069,0.0,124.0,9645.219283066084
3292.3558777468916,48.67132672543327,124.0,9766.477439656474
2644.804429050287,446.2721171382815,124.0,9552.785461586594
3179.1773448896497,6896.819859509574,124.0,9785.027748291439
3550.025835394049,16138.330501198616,124.0,9908.297180485632
7284.133014905719,17718.837026661877,124.0,11292.238045494654
15321.70303973898,16618.145631454696,53.0,9347.72022393075
11081.383756842413,15335.69328518597,63.0,8495.8969851965
14408.719972674315,11922.463741088284,69.0,9766.602872874488
14173.004998078037,11014.863994306821,60.0,9009.568126837587
19193.854829018073,10612.004301380273,66.0,11017.061983183596
12935.037251599995,10629.57375084795,72.0,9421.205080564932
16461.355378593886,8974.42983872788,66.0,10164.903891667203
18301.189025486903,11346.485780066316,68.0,10887.332773922293
14594.848561673838,8884.26599866546,78.0,10411.933165323382
20938.282094616225,7174.399868826319,77.0,12404.092246793894
14342.962111360002,6702.775291237296,83.0,10930.515171514066
16307.202340845102,9669.335782916347,80.0,12306.496091817851
17370.326584843413,10546.004321624901,71.0,11998.818246212777
20544.928428437022,9167.802971745345,124.0,16950.500259654622
25678.682846583713,6596.462390592539,124.0,18591.18556349595
15254.524122735143,3741.4269063096176,124.0,14514.00174183548
1850.301727128526,149.7478977236276,124.0,9306.422135058981
3524.4444536663464,137.66341137432804,124.0,9912.922177956845
2679.606181706531,0.0,124.0,9564.270039963156
2858.5916066067307,0.0,124.0,9623.335230180222
3068.0349216772433,83.68552738080422,124.0,9692.451524153494
2899.3533313235507,13219.034144773115,124.0,9682.609281335237
3673.001195692954,31120.33246942787,124.0,10105.52485672158
12454.676936790353,27572.888066861724,124.0,13415.656172387022
15533.94628679097,17042.987575062147,42.0,8974.762495702113
12429.814011335342,5676.891267804832,30.0,6457.671687536528
7879.269412209254,4228.2868264758645,25.0,4431.958660188742
16548.208434625078,5696.061477922338,26.0,7297.498945125723
12240.4873347563,6698.582759498648,31.0,6218.602903879971
8215.695387420921,5836.377218398359,30.0,4846.643628036923
8692.146838855175,6516.842056312627,35.0,5409.316906431115
13055.764400123646,6893.828188882581,40.0,7187.234876981021
9803.139427912838,7858.122166399906,59.0,7405.088948089193
18706.86114042283,6944.432820558081,75.0,11485.128810004415
17087.916745695664,8401.071197093897,79.0,12345.808582189244
29697.5104999623,12689.523630445135,78.0,16765.27106531145
28726.48292292157,13442.108304622021,85.0,16958.055616439855
24634.044947857594,6796.826987676757,124.0,18427.48938479644
25201.007844600677,5163.423557851401,124.0,18275.466213949374
20516.530115142017,3122.2943365590954,124.0,16255.350472067139
1815.441976801858,305.3398956113184,124.0,9283.763297346648
3049.966936961852,67.26621811458219,124.0,9700.377474457544
2424.9555753724812,0.0,124.0,9480.235339872921
3678.120571381645,0.0,124.0,9893.779788555947
3509.088039942096,460.148748222366,124.0,9880.545781874276
2646.5745246466063,4217.591523476008,124.0,9553.36959313338
2982.2421628512097,27077.346913454152,124.0,9674.438598183393
12117.230048111416,35206.54436604812,124.0,13288.592510075241
18859.02206629962,16601.110807990528,43.0,10276.367755035368
12846.050427798868,7602.832101524745,37.0,7182.887549762612
9806.644216472872,3972.6757112233904,28.0,5353.028469027457
11603.669364381141,7500.858465050749,26.0,5726.293667216399
6015.11985267497,6243.166342355343,30.0,4172.715504657001
11008.983338390199,5537.4546274046415,25.0,5421.086485379726
8502.587365819116,4169.759198465261,27.0,4732.69000742962
17043.036878702296,7950.293428559103,35.0,8110.978506939049
11232.370010010909,7393.004276068013,58.0,7802.401080854222
15905.90697912003,8093.72899879301,63.0,9770.731057844738
21481.3973862142,7231.389288592556,74.0,13086.27695300099
20205.20073209913,12622.36304006946,78.0,13376.486798303951
23301.084238582236,12806.605735484882,80.0,14665.755374926703
27852.827033328274,5444.393261768949,124.0,19363.226176990152
22776.177147388982,6079.573969051182,124.0,17447.17043421468
13548.972169720848,4273.265316377301,124.0,13966.862195518916
1825.7778717761248,619.5799223183344,124.0,9290.481629079923
4524.081626418772,0.0,124.0,10257.82538236236
3368.6399233490824,0.0,124.0,9796.86299750962
5566.55876974315,338.8983143233073,124.0,10556.40051990203
2567.265274461643,960.6941689261236,124.0,9527.197540572344
4043.673066059724,8689.255861539705,124.0,10045.568725813382
4357.465496732098,25112.346000090427,124.0,10222.613080448824
6299.698090380951,27573.97776119122,124.0,11089.242085854246
22766.557281109348,13092.910580365076,37.0,10907.538678535038
7228.767508022769,7091.600971254956,35.0,5069.787874168493
10438.513954000362,6894.517983224212,33.0,5945.434488256026
14213.319241776197,6619.401044389542,30.0,6856.632522532689
9933.455512267803,7706.057273224989,38.0,5977.137893736847
11512.007657065213,4880.668786963074,29.0,5892.040333274029
8604.098264816581,4901.504976876358,27.0,4787.372820732024
4064.1231040378457,5010.233138266175,38.0,4041.108663890917
16690.770262227896,6218.283076971055,62.0,9932.456717869061
15703.081778472962,7199.479964071202,82.0,11029.791501724934
23503.309854583335,8635.298897134482,93.0,15445.552214343305
30308.842035222762,14091.05534972881,89.0,17824.882288678247
29338.59453214141,16403.11702766366,91.0,17729.2227259842
22381.60436184783,9313.715792343239,124.0,17468.184278116434
20580.27920089432,6764.16605210925,124.0,16731.9853054766
18886.52593809261,5191.662517544628,124.0,15752.617023930889
2235.303491433063,193.50442428868266,124.0,9436.420213585792
3399.990652073793,0.0,124.0,9861.877690788131
4830.62720768765,58.8765167489027,124.0,10284.877205031376
3839.745721329064,255.0759342386077,124.0,10011.737447005273
4018.809811900634,141.39524769053486,124.0,10006.20723792721
4421.365878789184,11141.941977591128,124.0,10188.4650059999
4963.322213389695,23200.132302446636,124.0,10499.354047768411
5792.807541172252,24298.79201876009,124.0,10859.47831375448
12058.728053954854,14858.212964118895,36.0,7055.315377998957
8708.279295138203,5506.54094275978,33.0,5353.212203875784
11958.67333347265,4058.5236377357814,31.0,6238.251217505397
5009.567017128434,4708.327006173103,20.0,3085.6057507107357
6506.436970933537,6335.593582617367,29.0,4216.753376998152
7941.520681163539,6893.170303146601,32.0,4892.333640446781
11009.877698260421,5839.08054806528,30.0,5782.446040993289
9389.78869210145,6613.099012466986,39.0,5851.21764044099
14302.580387264088,8768.69319217208,47.0,8061.417168206211
17698.83652378844,6301.514110225749,66.0,10538.892409781858
21365.7615680932,7926.5649610638,81.0,13662.865097911754
20409.4638622466,13037.630800235114,82.0,13727.875632624544
23911.81938947995,12024.759217897086,87.0,15613.983583341334
22953.034315440313,8848.951563941127,124.0,17782.867074617494
22882.461976728977,7604.462171719937,124.0,17624.317500863403
17553.10093691904,1838.9287287176276,124.0,15197.264709706296
1843.54934698214,244.75830389553062,124.0,9302.033087963833
3997.923981465188,143.24485726989806,124.0,10126.385227575707
2911.3342064791873,0.0,124.0,9640.740288138133
3526.1815175359143,343.43816493389505,124.0,9851.418895179571
2505.2692156198873,722.7558657208767,124.0,9506.738841154563
4054.713241568623,8471.517531232877,124.0,10044.84949066057
7505.299923098765,27737.36798419291,124.0,11251.34197590425
13478.897499053803,45178.03988627717,124.0,13525.297662649557
11456.781379353775,18014.11254976504,45.0,7731.293014391505
7804.18833957364,7230.0010698388305,44.0,5883.488641079959
8904.72653825597,5710.230700668973,34.0,5495.976642635998
10504.786658060062,4351.694630949385,31.0,5723.459159579201
9488.127837417196,4815.185325892518,35.0,5660.236018984669
14130.505583830523,4825.732084745604,33.0,7048.280896822293
10037.195465777952,7208.330594407488,36.0,5959.405661454354
11802.876735057798,6018.0954038518175,35.0,6405.467315657018
6396.37731729163,6784.969338156999,49.0,5619.223668158866
9349.324810406286,5186.443217132956,66.0,7829.075864292643
15901.396470948719,9979.914898409568,85.0,12146.62733479586
15267.42478710931,14624.004157549947,86.0,12450.147960993441
25635.32340062953,14675.100888840918,86.0,15956.416962657817
25926.792654451172,8776.307503799906,124.0,18959.175323352898
29572.538439341195,4500.062482671098,124.0,19940.548684862184
18635.286689317374,1726.7981051878382,124.0,15699.968392392031
1834.1809448144897,16.812097634685536,124.0,9295.94362655486
3495.006236700121,0.0,124.0,9915.64790793702
3361.3415844117467,237.35653265447667,124.0,9789.24272285588
3099.7459526326775,686.6097820478492,124.0,9740.37999330892
3094.753484522818,698.2314313342174,124.0,9701.268649892532
3187.6357577209515,5132.505955757077,124.0,9772.420643526306
5103.941605576698,24875.159946912492,124.0,10438.66162995023
13244.446760943578,42391.7052512026,124.0,13437.916330579741
12505.442599344244,15335.97572386808,50.0,8278.444239582868
9801.811418928806,6544.660233806539,56.0,7419.5746315934
13815.948152613635,6431.046331703259,56.0,8642.094923382005
17379.628223769745,6024.978067845881,52.0,9482.437065018845
14078.891459685432,8164.480757462451,61.0,8979.19242480821
8471.330518282264,5750.311607589388,61.0,7139.579851966424
16447.411455064717,9227.639836316243,49.0,8898.453314921551
13838.299022258765,8593.073660547348,48.0,7980.07845493668
12099.066984296116,5648.479839831652,64.0,8576.129570878216
13603.896107099108,6800.561391046487,74.0,9734.669156618691
24243.727309080237,7223.859749632236,83.0,14814.220489022791
19977.975073166504,13174.06341350144,75.0,13306.070795039148
16934.61600057594,8000.384855783141,78.0,12472.490264403734
22033.495558465576,9175.684909943957,124.0,17435.742954443725
23638.880266161184,5621.8213110150755,124.0,17772.35118564164
17445.187197409174,2991.9147134955665,124.0,15282.443243810989
1962.5297911876526,184.2723816455342,124.0,9361.122689084843
5065.161670463163,0.5088362991188963,124.0,10439.44297489496
2973.022072296242,0.0,124.0,9672.66049713245
2587.8806732740018,282.34391466556116,124.0,9534.000622180421
3113.72079726105,321.65058062175905,124.0,9720.030248464192
3698.3555722956835,3167.677647582193,124.0,9958.921766350148
2848.402538996656,9069.83720537064,124.0,9653.68182323505
4499.019310202256,17714.074156198312,124.0,10285.210101741131
9508.56587838181,20067.79834462404,64.0,7779.136080503635
13909.703720622536,13039.619853591885,64.0,9146.242415165223
15824.885602993412,8116.089080936183,51.0,8902.480046443872
8604.687147032999,10334.166020521523,48.0,6258.442809228283
10817.544123217725,12723.355771642211,58.0,7703.180192154885
7920.600676322097,9996.781502142516,56.0,6589.688878308637
8738.284743279704,8881.46800702214,52.0,6592.041626315029
10488.717543551586,8768.739987938789,48.0,6875.41050106801
11130.304086906783,6404.14227118101,66.0,8357.46294894958
11400.242847374302,9142.48214699303,78.0,9312.32398448825
19054.228529491655,7747.8042549311185,82.0,12145.291125071246
14905.391468840911,10770.779082758165,86.0,11925.982886041074
16323.525280147707,11212.4633636695,81.0,12249.055816315838
17445.85689199152,5911.536611241815,124.0,15830.277019412817
17729.50840202042,6416.07041792798,124.0,15872.782404147478
31333.53812308343,3455.955055436989,124.0,20147.248547699386
4304.616771616306,210.88978350088001,124.0,10123.4390880343
5238.784710658607,0.0,124.0,10594.576164386366
3415.4322576756267,44.07544962645819,124.0,9840.651440786258
3017.314335201541,178.667547152626,124.0,9694.493271153646
3466.1663328692102,403.8156753741205,124.0,9823.834889846843
3055.039673350876,8953.233296682996,124.0,9713.51469354717
4767.54291910424,23216.113335975104,124.0,10361.63520558687
10443.129042661032,34009.08133542828,124.0,12631.113642132314
14601.934139524747,16674.165629414158,40.0,7957.822441414498
10463.081450566278,6258.563242850421,23.0,5136.761826351412
9167.816034895586,4065.0784130257557,27.0,4956.377607243319
9989.059299728155,4808.6751159462765,25.0,5106.0630504752535
10044.555492326817,5758.024743225208,31.0,5504.378420494107
12191.628480799329,4895.045025629551,29.0,6124.353966893031
11889.533244420003,5324.556432040285,30.0,6060.35979472911
11774.972642321727,7786.110287977226,34.0,6313.022120848794
23054.69312728212,11242.660639319693,62.0,12024.745020248192
17442.632822949767,7683.577770383471,79.0,11383.822502837767
15381.892736190484,6532.332651181303,90.0,12188.340530350173
17416.95344253063,13464.228544627784,91.0,13437.836921702057
26304.828884058214,13253.933173363066,91.0,16480.328837916484
15803.143644351574,5626.1807987581005,124.0,15280.792485690541
17776.62683600552,5220.415478530341,124.0,15722.7273327807
17966.38552670346,2266.913715162811,124.0,15381.554688885859
1843.3740495310444,0.0,124.0,9301.91914462062
2488.01804587327,0.0,124.0,9501.045955138181
3179.1400034766407,0.0,124.0,9729.116201147292
3651.9226237797575,289.507053343424,124.0,9885.134465847323
3527.3818126164037,463.3805578078143,124.0,9845.051800942761
4797.385147413251,12231.027521480588,124.0,10269.994543626377
5696.442213140263,25878.18270401228,124.0,10685.561867258391
10326.42695253215,29718.48321728878,124.0,12605.831134273429
14632.617934075513,19806.518582239067,38.0,7636.398424038818
10074.505913868587,7691.090027839691,35.0,5849.023652713632
11219.134806747981,5290.3038662545705,31.0,5960.739134830605
11312.764253505424,5789.141247729274,24.0,5465.514292879818
10306.357846472569,6587.671228246452,29.0,5471.545218219185
16543.357100472185,4946.040877264427,37.0,8099.347641138668
11582.88848631767,7629.355565669791,35.0,6333.311956947283
16415.91141834606,7897.007157271075,44.0,8522.631584436002
18052.47680317166,7491.954695231686,57.0,10002.908101882022
19865.037432033718,7265.352118475394,69.0,11489.714767391106
16850.861494078323,7492.562936955037,80.0,12045.931865989252
21240.41404208444,9729.866270133387,84.0,14156.250599288156
24079.633525567206,12554.6186079942,87.0,15579.942078634554
23432.844609072214,6296.992960731777,124.0,18009.129773293604
20068.21600080233,4920.775141606076,124.0,16741.981968273463
15905.429445723006,2450.894763548269,124.0,14663.73332940718
4346.244457323748,31.79375266575565,124.0,10121.444803275832
3036.5272625232915,80.57683289411167,124.0,9691.194315044135
2956.532023952938,0.0,124.0,9655.65556790447
3304.401467536229,206.14289603624493,124.0,9770.452484286956
3256.4518984148945,380.9127840681933,124.0,9801.303576497256
3112.270703814897,11893.339389606472,124.0,9726.159349208463
8229.709934060704,37228.31403234571,124.0,11547.92699301917
12596.45718658053,29689.653634469923,124.0,13503.335162506237
12636.240854118727,15598.987982775954,40.0,7954.7951686652805
7009.111531001418,7574.768597126845,35.0,5089.929270520361
9492.650595360821,5725.191029691789,32.0,5494.148682653357
10666.71950972877,5385.0161377510985,27.0,5476.043699576406
9937.070058002553,5257.422822072109,30.0,5401.038357588017
7273.645529813794,5882.712895308994,36.0,4957.102080736942
6878.342532367653,4967.175931478942,33.0,4620.978149796057
9912.327654210447,6851.447418527894,47.0,6582.898858452302
12652.61259130735,7133.588049493326,66.0,8849.292448950811
16638.729968180312,7601.424375253918,77.0,10952.45046038884
12970.254816001336,7123.666125903217,80.0,10821.865357267674
18313.060950269686,11137.506782364255,79.0,12975.78708442934
29054.85529357728,12229.674089008198,84.0,17032.146668013032
18872.406047789325,7756.9410968790435,124.0,16234.885404540913
14922.43107046811,5566.21895461132,124.0,14823.723004680709
15514.682467289591,3443.3284895144407,124.0,14536.837339792237
1855.8033373255334,277.88246868380037,124.0,9309.998181687039
3318.0296352841774,0.0,124.0,9884.740717925888
3579.7048004665103,0.0,124.0,9861.302584153953
3483.6124181805244,740.8407095873107,124.0,9829.592097999575
2800.187527434478,105.31315567006047,124.0,9630.266699520618
3198.0743496963905,2777.4513805984207,124.0,9739.332645474133
4385.70684997814,20474.828463154103,124.0,10157.65081161969
7930.9984784848975,22032.84550151543,124.0,11593.031419134719
7709.713521214925,14693.91084108244,39.0,5399.581096328306
14752.6386631302,8177.416172119509,39.0,7614.195975124846
6943.801954697921,5716.3925349144265,30.0,4411.172896537547
11007.299298870746,6187.389391450304,35.0,6116.173341676086
10648.1108035465,4989.048739762201,36.0,6048.232766064181
8314.941204913299,7445.142071407413,33.0,5106.764343006576
17387.9890750668,6235.313151238299,31.0,7953.739275719062
6723.980674193943,8707.093975344145,42.0,5206.305271545906
17326.75320048847,7417.338971296078,58.0,9823.035305428239
18629.432134901184,3305.96873259414,75.0,11524.509488854083
12334.941750569176,6526.63476916803,79.0,9756.447254230132
18214.141471316918,13814.103031527158,85.0,12909.261400449765
16235.100211663132,13180.599612862583,84.0,12502.868088330284
31096.094094414966,9996.035775923261,124.0,20342.736643843757
17962.725781756,5329.280111873211,124.0,16012.024775808059
14277.4816071328,3318.1305019254182,124.0,14044.94506982209
1823.3536916454113,78.8157911264648,124.0,9288.90591199496
6191.904986110348,98.93055784528454,124.0,10815.743509541906
3696.382350868554,1.2959073676417272,124.0,9899.806175786625
2999.827398498918,355.7557177704449,124.0,9679.648078865932
3277.066921930998,490.9773713497445,124.0,9761.432084237233
4660.770467010579,8831.907053692235,124.0,10233.952277848635
4282.923172074226,35373.35801272845,124.0,10216.409243589085
14659.271351434905,37693.00844870234,124.0,13992.592651600153
16542.248705159822,12834.90619606056,39.0,8497.19018852688
9486.684634779796,7806.617167474327,36.0,5844.880515467988
14279.34237757709,4070.6827601199657,32.0,7099.150769011223
9063.966354947479,5719.822162131095,28.0,4997.463732603502
10191.739174047963,4930.73964549359,27.0,5303.089383504333
13495.045711979468,5554.623520964538,23.0,6093.237956313687
5087.536813015775,6356.27905835944,29.0,3748.113323354429
8416.114574853389,6205.661431002648,44.0,5889.520595968554
19893.885343932558,6089.452440034692,62.0,10974.785412785643
15556.95977996093,6007.556422026146,72.0,10213.707787059973
14105.740680026893,9033.376545072908,75.0,9965.634967431553
21116.218442295823,12833.751633917602,73.0,12773.089309970203
17827.44968879853,15542.280965382823,80.0,12602.587976608782
17944.070072767965,7304.881072886412,124.0,15970.958615043337
30244.318677905998,7610.21401803093,124.0,20110.091778259484
21574.0120450059,5966.833363818501,124.0,16862.165264445237
2883.0737838629634,307.9958283898421,124.0,9653.774455441826
3451.559698180447,58.15016736990462,124.0,9862.31754741203
3107.7662155748617,632.3696913456545,124.0,9708.400587375947
2935.549725110558,0.0,124.0,9648.731409286487
2584.381440303871,542.908148537452,124.0,9532.84587530028
6552.768255994563,8364.935038376352,124.0,10907.573203747379
7324.227608142865,15312.988405161503,124.0,11173.481875705735
7620.998130924557,30663.813474877577,124.0,11516.173260813244
10705.307030261669,15581.511145386814,50.0,7594.984864356241
17822.86771823189,9176.07495095261,66.0,10776.616465278845
16733.838151351414,9847.903604319534,63.0,10222.036432047385
14739.634303850324,5356.911502608409,56.0,8927.594942974914
13260.393634428392,9782.444803684608,59.0,8574.557166903935
13331.331265315583,7371.827335195522,53.0,8173.184335814398
15224.389372320346,6978.912745675289,50.0,8571.692660457938
11616.920843770087,6106.628163957348,47.0,7178.534369546291
11697.37099296392,6504.3761830044605,59.0,8036.39833316454
20084.46356504225,5017.8546993669415,73.0,11832.937242406748
18560.693820339693,5608.820225318833,81.0,11960.301270205842
22513.937792427027,13230.392050456876,86.0,14381.463244289524
23323.692455486012,12015.599296750808,85.0,14937.754145477624
27867.97996049639,8090.088068331437,124.0,19496.241147776276
19285.23228915087,8033.014841018401,124.0,16561.216651353916
14229.487760493463,3463.3864082671703,124.0,14395.51729699157
1860.6645168466694,985.6585697863871,124.0,9313.157948375776
3662.1041451690453,0.0,124.0,10005.326088039223
2821.658483368155,790.3837116737539,124.0,9632.426274197545
6990.64543903541,438.5767024450625,124.0,11039.846197279596
2780.6657573539596,330.45420577240486,124.0,9602.544477615333
3752.029272698878,4234.444460273037,124.0,9933.411744995334
6230.037412085356,9449.445727967222,124.0,10770.510986614
3735.6513034437266,13554.84900878736,124.0,10068.880429411049
7255.11785077231,14411.043480239125,42.0,5395.721147003482
10807.017472503732,12739.062627169089,69.0,8496.744911453947
14205.10034226418,10807.363801536365,70.0,9685.436707763773
23372.486404048534,11820.269529978343,58.0,11897.035721798975
8327.92881790673,9481.126114181616,51.0,6425.454079318648
17653.50457864801,8470.124817626738,55.0,9733.81944329848
13144.115546148087,6512.247106784365,49.0,7835.962825198141
10788.40427647816,8567.895970328182,52.0,7206.409829547414
13126.31025601846,10118.597749379373,61.0,8680.701138280174
15548.16706306198,6216.688937794914,65.0,9797.994891043898
14908.822691419937,7293.803055511633,80.0,10622.397112179855
22812.10845950959,8895.306903520599,82.0,14062.558513586744
21280.273720367397,14184.888396614291,77.0,13571.68208720911
21289.95325392817,6490.207588378526,124.0,17149.294028247168
20524.470944404467,6083.419500150684,124.0,16821.53523295732
12270.088357256713,4180.686697962165,124.0,13789.497149145243
1847.6253656846452,589.2707067735494,124.0,9304.68250012046
4364.970112078446,0.0,124.0,10263.111890451486
4549.972832145191,0.0,124.0,10187.509662428869
2721.7956506344663,24.879611873812976,124.0,9578.192564709376
3315.4512809595667,0.0,124.0,9795.223646471375
2706.962317710198,11049.608364935653,124.0,9573.297564844366
10465.839337133539,30225.82683761744,124.0,12316.065324879566
10864.239528837423,25155.424204769857,124.0,12870.466994508799
20257.165426821903,15129.31408499529,43.0,10160.932837688539
14052.985810103279,5491.184016876855,30.0,6870.048637835797
10157.527291362523,3775.0990418215597,28.0,5434.697292272138
10066.886355104001,6939.366417480602,24.0,5070.932657118338
11288.166585479416,4322.519104483909,28.0,5731.158375387099
12065.852260580868,6611.921597283148,32.0,6245.086231527242
7778.149772263644,3372.427933688741,28.0,4562.055179752163
11272.493945823044,6313.425526371815,38.0,6406.801093524281
12902.953347348426,7585.013581659365,52.0,7947.078749113582
12895.204755815552,6147.379053528452,67.0,9033.743037037575
18421.154458935842,9351.362720323572,84.0,12037.202198974697
15735.90156110521,13649.589809446716,77.0,11465.453408086589
18925.986002064437,11374.342557527869,83.0,13307.84621211396
17245.691836226622,6050.706057320721,124.0,15762.003422365473
21461.038533085393,5561.826704328041,124.0,17158.107857313244
18944.733939996615,4078.351705259923,124.0,15681.463492393666
3623.3663989776337,0.0,124.0,9875.710911662623
2575.634851220335,0.0,124.0,9529.95950090271
2461.1973531937197,654.7460109521325,124.0,9494.594857804586
3135.983461701756,205.5091002960379,124.0,9726.244767323918
5170.753010175886,3.0370871858360866,124.0,10395.426419148891
3229.373223380607,8549.400472999612,124.0,9745.693163715605
4338.71379608723,25693.59746273418,124.0,10218.898039005975
10413.581485993034,32066.912208281177,124.0,12533.371091281717
18954.320753910564,20526.449471671654,40.0,9494.496192034125
10300.057332344926,9504.500651644543,40.0,6427.742204225219
6290.4483462235185,5414.004123862554,32.0,4429.802291088312
6504.273013634764,4898.05103435625,28.0,4160.342083832442
11728.695825241859,6114.727971210268,27.0,5825.609605583457
10122.807778585713,5618.764725186614,31.0,5560.583962097727
6004.995903692702,6436.105059971381,31.0,4196.47573637051
8596.625989945607,8257.621322608427,35.0,5335.772296988452
4411.329599929281,7212.4111223460795,51.0,5108.626461144773
16843.319837110655,6031.11194879006,66.0,10288.876241327454
21606.60470016413,9173.237282134127,82.0,13478.038645096172
20372.425915492528,12187.542491886672,87.0,14061.06569924516
26490.503325833164,12290.541324336082,88.0,16475.354387629526
30850.20184525627,10611.24554272471,124.0,20494.074569670942
19494.61526788767,8345.898519685024,124.0,16352.266306933336
9253.741052274827,4093.2819134739225,124.0,12328.980636413253
1820.914648972033,624.714005423213,124.0,9287.320534257262
4637.148327633417,106.98521755840629,124.0,10301.331715826593
2371.9884675256717,0.0,124.0,9462.756194283473
3654.3416574794815,756.6817360594248,124.0,9896.356392577072
2875.917442408043,964.0743899292934,124.0,9683.551839031554
3958.1813784498313,10588.230257580275,124.0,10031.43144990535
8691.938995972629,32376.230821500532,124.0,11693.593086151186
8665.601414864994,30237.6763465466,124.0,12031.819250735327
15528.353484239164,14239.731182661033,38.0,8343.087160548534
8072.027750503272,6918.367322128359,31.0,5003.383762994224
10263.228789099854,6433.133982228394,30.0,5574.9847012883965
10962.390838203577,5436.573570130267,29.0,5691.484495127588
11022.993196820471,4754.992169174241,29.0,5696.125923640924
9131.016646317634,4203.682515820767,24.0,4757.739669518211
6309.777836621132,5892.182108361615,27.0,4059.4935484032676
10261.713244610453,9434.793780614778,36.0,5921.6896707421465
12171.319671371033,8003.57455929586,56.0,7966.721106760757
17940.539368302714,9041.064415495812,76.0,11287.323710664323
17463.442945739713,7853.301607147201,86.0,11931.297420984536
23842.125909605173,13070.428188410615,81.0,14230.552025362247
24837.451742380275,15092.833442157971,78.0,14841.16639356964
32686.18595968321,7059.618360735136,124.0,21005.429151020147
25449.687490024946,10215.793834483158,124.0,18527.839099732664
16114.501051726385,2942.0939536891565,124.0,14861.932593334706
1819.547456624719,238.6177565916131,124.0,9286.431859231508
3396.7736146578122,188.93651498754818,124.0,9890.182186369051
3121.2063214092964,794.905751949052,124.0,9709.998086065072
4571.447423038259,488.1731360399475,124.0,10202.766330783843
3160.044844322869,127.95879183895887,124.0,9722.814798626547
2641.9291170034985,10395.668679543585,124.0,9557.742682893306
6400.562681874195,19854.61185480055,124.0,10910.904245879346
7515.919568286049,21715.438119417526,124.0,11454.431188329412
13552.521926568399,16037.517907727883,38.0,7424.71255886721
11328.203244907843,6844.678480607583,27.0,5733.058189082756
6134.414436670238,4497.423074075921,24.0,3768.928045753399
9548.97213453526,2681.56881286415,27.0,5070.737326794216
7737.83103105599,5534.904574749308,31.0,4739.638630652166
13350.272764774814,4545.41291586083,30.0,6571.346647119861
10098.173037089513,6688.901834523119,26.0,5209.508262401328
6442.276565853476,8632.14594426391,36.0,4726.6559359491885
15532.762839650552,6109.50946008355,55.0,9014.836750852863
15267.38404061451,7419.4153333705235,68.0,9897.472147543564
15387.797346936904,8077.630648002682,78.0,11177.257544855986
20832.062078751198,11195.367485250967,77.0,13460.271253166611
28329.80403834957,11883.026502303936,83.0,16659.553262762354
26864.186708238714,7043.957774864665,124.0,19260.745563056917
39842.11319935487,5388.909560332882,124.0,23238.64878497305
13597.34546934123,1817.4828039220226,124.0,14084.441698451456
1842.8911314927718,251.0429199506839,124.0,9301.605247895743
3627.3164992832676,0.0,124.0,9975.664696091702
2724.6700722736273,191.3098830550909,124.0,9579.141123850299
3564.820556483715,739.5743184440458,124.0,9918.383435740723
3548.6602523803726,110.47003692450623,124.0,9851.05788328553
2779.857312171526,8769.284514843423,124.0,9640.604973216929
4566.63060599626,32887.28197303671,124.0,10246.15133387145
7418.8613970711485,42800.56536406015,124.0,11465.220810020324
13385.489753470833,14918.393660630785,44.0,8294.116365228254
11854.851419760595,7279.7447831110085,37.0,6666.789289372082
5569.660676577663,4025.041735474517,32.0,4176.8079887185995
11066.50441186929,5633.781527329764,35.0,6133.911889348011
12844.690085092509,8970.323599247387,35.0,6705.304350404478
10535.028142654892,4796.516959791134,27.0,5436.919831074323
11290.961337796663,5132.7399471027165,31.0,5940.909024759789
7099.146455366888,4638.258895677948,36.0,4888.281843068614
9135.135920752964,7332.163817330729,53.0,6811.485077386678
16326.38545060547,6400.543115575364,65.0,10014.724201419285
9885.777552095762,9505.914050613283,75.0,8594.481076565291
16086.252087168741,10284.058869711746,87.0,12403.462208411669
23969.66277168933,10758.324102117838,89.0,15615.164851388714
19503.04938141803,10993.059660855462,124.0,16817.183596594445
23216.62310413661,6436.197126887522,124.0,18022.287165913534
14936.423094491967,5192.154063362566,124.0,14695.335299987577
1800.8562111705019,0.0,124.0,9274.282549686268
3062.5506651742157,0.0,124.0,9746.160686382807
3360.5920005878193,351.89757157495865,124.0,9788.995360193981
3253.6376635595016,206.61477719917895,124.0,9810.568020222412
2867.617575933709,167.097965369684,124.0,9638.238055451253
2478.4754125672926,6701.620308250624,124.0,9497.896886147206
4882.759965921553,19538.737663340784,124.0,10431.777781019618
6047.917047691811,29033.812624078928,124.0,10960.690457828363
5338.621834128328,12441.898896952936,51.0,5596.573608717777
7311.400632412306,10154.851064553268,65.0,7075.060316555389
14071.494164511269,7325.573827635839,60.0,8914.329327267185
15579.87226920056,8401.04781348311,51.0,8764.93942643315
11001.302781228478,8103.973304623707,65.0,8242.852576377756
10085.56560697683,7736.575160963646,63.0,7815.638843108571
12871.542245511619,8126.601497211679,57.0,8317.74196422861
9579.090449798576,7557.474375576713,61.0,7531.655281663248
20681.019549531946,8831.768605577761,64.0,11360.36372681734
10455.653085522377,6649.292725356234,70.0,8443.475081846695
19332.76007804995,10170.630491696797,79.0,12011.075618729208
24439.67273367257,11405.7039990833,72.0,13886.475984462362
19756.82870190417,12253.326660902363,65.0,12213.578459379873
14869.321222942019,10021.566326062786,124.0,14845.842106355982
19644.576248364552,7995.220802302503,124.0,16502.994291460385
15401.629618970528,4007.1688434975836,124.0,14816.66386233926
1819.547456624719,203.08644593171778,124.0,9286.431859231508
5072.406936872979,0.0,124.0,10479.995935795941
4150.815854354629,540.5553404801215,124.0,10060.301830623697
3367.6444944747295,679.852966012992,124.0,9867.886364706783
3526.6636303069813,251.05029959653814,124.0,9901.33938806486
3134.5228850408903,4692.4199957934825,124.0,9721.622510401712
3243.6301409951952,18448.45169685263,124.0,9813.340672651724
4928.586016284351,17313.41360346039,124.0,10454.174058580596
16611.629456695915,22925.361488375747,55.0,9517.054697003194
9952.767297816523,13297.505949032802,72.0,8410.632198093235
11131.693451284873,10030.062951864427,69.0,8622.817981189844
11847.006022764532,13547.78676954918,70.0,8881.100817391602
13638.063790503564,14679.507532546793,77.0,9984.989643018063
17296.78904609793,11811.431345807514,73.0,10942.563188803135
20246.922985307003,7038.221638960577,61.0,11066.961645507312
16468.0921903957,10751.446303152541,62.0,9849.21806957484
18257.166101190916,7050.964497939187,67.0,10782.680538409215
15162.675249557615,4764.463291602116,73.0,10176.700393946978
16486.052305735586,5827.925202065708,78.0,10997.436334415268
20427.666558911755,12317.694251143932,84.0,13384.310636834394
26265.51916714946,9269.216072721376,84.0,15859.412918107671
19834.063240399213,7023.241125164986,124.0,16746.5684024069
26290.97604308207,6865.140160849845,124.0,18805.63308404653
11290.432091480818,3378.212907538284,124.0,13238.431421532388
1826.5476644268806,461.6409627278646,124.0,9290.981994302914
4369.487723447165,0.0,124.0,10223.570518411565
3042.412280386045,0.0,124.0,9683.996052527396
4381.436608516767,731.0026659190034,124.0,10171.964387184462
2473.474684424817,71.16003625442585,124.0,9506.872895755452
2802.3910910409113,7866.347900466837,124.0,9618.977741224717
3103.5652184640603,25409.198674840107,124.0,9833.82204809126
10934.043972259964,31081.529541856864,124.0,12702.025874265677
7617.085946445467,14702.24139987041,41.0,5551.63554767935
10035.680233956267,5786.502431799656,29.0,5437.2589633418165
15501.950571567553,5503.528069066132,28.0,7129.604882356518
8379.2120960532,5499.300796630511,29.0,4808.345975827428
11603.410797410708,5736.693060775567,29.0,5878.2246395504735
10089.893632860312,3344.5733149528814,23.0,4942.0572310709495
6799.025988963419,3598.7005058111004,21.0,3727.232662663909
7145.953635434968,6174.03514361695,37.0,4966.8488650731415
12892.276590702035,8867.696886675743,59.0,8440.160065611977
15337.02087307194,6499.706987351955,75.0,10382.709042346989
20124.790913088586,7262.296988847789,82.0,12596.728883775151
19557.307454034606,15195.000414215618,81.0,13262.421709768529
20199.54019728445,14525.092552026328,85.0,13897.75254379584
15332.727344727253,6503.609989631301,124.0,15225.028329411074
27019.60379266942,6983.16486729874,124.0,19025.43045685249
23030.613616652758,3519.0021613548806,124.0,17153.698435257153
1841.593075396523,399.059828421101,124.0,9300.76151143318
2805.557434117069,0.0,124.0,9605.833953258636
2555.154071941943,0.0,124.0,9523.200843740842
2194.273013616157,0.0,124.0,9404.110094493331
2778.1320888430287,224.40528696086258,124.0,9596.783589318202
4313.096208565213,7574.707457800831,124.0,10103.321748826522
3968.4337238201965,30173.74578569417,124.0,10154.50957570187
8303.655121970864,24977.79606137579,124.0,11743.693708985142
12893.71224505051,18575.025049211887,45.0,7495.294200642956
18152.813915706593,7565.133490614159,38.0,8726.314279902981
10253.393657278322,4546.478787557657,35.0,5865.287854757741
9159.517343252786,8633.604329664413,30.0,5163.474666433411
9541.839355244694,5671.335210742492,30.0,5302.719105050707
8810.208512545643,4521.900585791531,30.0,5043.261064226687
17196.100934138667,6328.0803310154915,31.0,7879.656890978043
12985.56783608405,7685.736522117753,44.0,7414.185344696497
14357.230608091097,7007.768311004589,59.0,8942.092723624146
10130.420171468602,8824.94796838071,71.0,8420.759115891398
15403.31189068853,8869.12554540069,78.0,11015.464844522181
20077.086551145334,13573.780159007045,80.0,13314.264649730518
20648.502358774404,18027.764637991386,87.0,14316.835258308967
21466.30805975483,8812.842540302188,124.0,17332.927320957668
28332.652965712583,7269.506583690583,124.0,19695.12021339055
20232.15999464259,6226.514787364316,124.0,16212.230465842084
1820.671581960612,10.000563499641915,124.0,9287.16254069984
2988.462541223101,0.0,124.0,9697.252334826293
3185.9332462289667,62.02409952388455,124.0,9731.35797125556
3375.8448329546077,381.06378071224316,124.0,9829.881676529125
2873.672819923726,564.4458265890057,124.0,9629.99440289495
2741.3256771987385,11063.136058323582,124.0,9596.67472911749
3116.6941283907217,27240.164487492293,124.0,9774.368617465141
12067.808391387474,27617.576988794186,124.0,12987.296336950118
15175.0171228527,15533.92003093877,37.0,7848.996602602377
11553.847082675238,6209.479189935389,35.0,6336.651225133756
6139.041855152633,4299.140297258397,25.0,3852.572597134487
10402.815364033644,4486.317753129639,21.0,4936.86582356628
5223.123302175011,5562.039816713147,24.0,3409.3919780144956
5982.132085002002,4333.294034386146,28.0,3982.4330452598992
14110.870232187892,5923.01658049024,38.0,7349.9350542301545
13779.45038759546,9786.568225584548,37.0,7164.383506464917
20508.330899591863,6758.733567118118,55.0,10639.313639436696
16761.116755738287,4219.507847463527,76.0,10893.518460957015
20565.935220094714,6898.315447704617,89.0,13116.706718415702
21410.49034561247,9011.979879707656,84.0,13499.902802665762
21917.724099458585,11425.243613125042,83.0,14421.514179126905
23762.16006296424,7709.4735269766,124.0,18004.14741276426
23008.759657615225,5653.157812027818,124.0,17765.38226260395
16001.575530681368,2584.305421580933,124.0,14639.352953990776
1835.699535559261,630.9593877296275,124.0,9296.930710538962
2991.345752718423,0.0,124.0,9667.14409839708
3296.7335136404563,0.0,124.0,9767.922059501354
3164.2377849715112,0.0,124.0,9724.198469040599
2952.6064764710095,678.5453493934125,124.0,9659.199276140716
3221.3936636011717,7088.05177835223,124.0,9832.858046282134
3012.1012692973754,28163.317945983545,124.0,9706.079905217908
7114.014306609126,26047.7994431305,124.0,11416.619215898605
12472.240959547431,17012.16310977709,42.0,7400.135972470127
10635.814938168875,9267.26137515589,38.0,6228.050544463314
7742.530061281036,5822.14520294893,31.0,4778.272696633867
7441.001781793664,4542.413827819129,31.0,4673.23049461013
9271.690175510184,5057.577372701341,25.0,4828.739982195256
8928.92362904152,5835.71116688506,28.0,4946.376139055767
11443.863180283131,3358.5295999671644,25.0,5560.74262773996
7584.307323273358,5750.941871271811,30.0,4635.703689065828
10907.703278078316,6389.998786839969,43.0,6679.871727890631
12839.518831592814,7204.897411057508,67.0,9027.851816790966
21226.600226368668,8563.402300375885,80.0,13081.256196073638
23294.474965872232,10597.344323203062,75.0,14217.389945739224
17700.00687327983,8485.196063317513,81.0,12909.685682662941
30904.41014478285,7278.070601597956,124.0,20374.235235422522
33280.38371731948,6077.403694230442,124.0,21172.790001888272
20593.129341806598,1822.3773537895333,124.0,16174.854239255592
1817.9838466747547,28.919855536768836,124.0,9285.415512764032
3156.548851425148,0.0,124.0,9790.64310382079
3376.4538880501073,216.89068780510377,124.0,9798.897228058571
3226.68914417175,0.0,124.0,9781.890848557847
3261.0295142902614,170.92353106364607,124.0,9760.396344070154
3544.3907893849578,11434.213030596358,124.0,9875.37417751252
3809.5722234362825,20680.940986088972,124.0,10037.39622052651
9098.51228537539,42566.22494337087,124.0,12129.937317050502
13861.407913804607,19773.262583258318,51.0,8381.443437101101
8465.398296167119,6439.882611784805,34.0,5263.950960019198
6201.957727784855,4954.692712333923,35.0,4551.554508841886
14118.431493456785,5053.441904964919,34.0,7082.391009925171
13496.638249865513,7765.3293447644455,33.0,6792.188539153887
19498.832070320823,4407.628358860748,32.0,8721.047731647268
10753.780640830639,5145.328423848005,28.0,5576.781325091913
8791.142249114791,5400.599625507183,35.0,5421.913111490307
13607.970069390338,6329.24978793428,51.0,8141.0222908584765
13935.87369048471,7206.607233565456,65.0,9283.366174688914
21923.120662536516,7607.270311070482,77.0,12718.281225628918
20053.284579017596,15423.307898299394,83.0,13169.883142864073
21918.49185493399,13095.166291526331,88.0,14819.656312058652
29155.884931406974,10061.303131938412,124.0,19829.13781116242
19485.75716653557,7459.944956358026,124.0,16475.967452791156
16846.854869454903,2927.806689894075,124.0,15130.017818775577
1876.8862359623156,117.30916806260744,124.0,9313.69384201087
8896.753184295874,117.97793497095505,124.0,11752.005068824234
2960.3290757943946,435.4289877023548,124.0,9662.787936576264
3245.142016520178,0.0,124.0,9755.73600435694
3117.7620919382475,0.0,124.0,9708.861490339623
3865.0669961464796,1505.7716840035591,124.0,9955.47210872834
2736.04009139863,14495.688057101024,124.0,9619.236927197873
6911.75654328237,30676.71372195603,124.0,10985.906010925893
14228.503924361263,19475.768661154616,43.0,7811.215455940563
12745.559009088774,7465.1221724653,57.0,8280.886915006013
18764.084605297146,8555.07259359608,46.0,9530.250685824594
11593.769343617016,5523.390045027061,46.0,7104.607040067639
9409.915607011004,7810.451427634309,54.0,6984.513325694953
9432.325492530443,4672.572318162333,57.0,7170.895104290497
12932.143321279525,7673.639536141792,54.0,8066.698213521882
13790.516647283908,4799.571277093328,54.0,8385.268203875346
15429.59697802542,6799.315651628159,61.0,9456.225691291453
13836.860822178105,4446.706779476007,79.0,10184.37140022157
19308.977601295996,7791.954525795641,89.0,12874.822661219714
21410.63524580191,13596.685510837071,91.0,14552.478997800212
21791.96013841853,10136.092742109424,85.0,14722.344971290338
25211.722742470472,7612.218032528025,124.0,18550.044553520973
19918.64667885919,7735.091829265592,124.0,16722.582158617166
17659.308162791192,3262.3818787178648,124.0,15460.248489577078
1826.7193278256545,843.9336025945221,124.0,9291.093575512117
2914.400444374268,39.61108779975523,124.0,9668.081039907063
3034.6522658385597,439.6103589374572,124.0,9716.01840395198
3326.28258911353,161.09892088572187,124.0,9777.673254407466
2964.10594667156,1055.8449124443655,124.0,9682.534233621098
3131.4641103653225,6156.958172431216,124.0,9785.40118598177
6271.34974007884,12776.240177034773,124.0,10898.113065482636
5339.80766034068,16328.056712723399,124.0,10685.316800061115
5902.499551860407,17029.904511178345,48.0,5399.935952051815
8936.092925469855,13805.54879945877,61.0,7323.359734220855
16834.122502914026,7306.129971410397,54.0,9415.402691558038
12425.365455616664,11124.060228279915,55.0,8027.296661659119
20765.07989282621,10505.79944994822,62.0,11244.915747688217
19261.49678459704,7956.105781260813,62.0,10768.718632498654
15004.161359880054,9536.571406186682,55.0,8870.225103780138
17465.648127811197,8933.8944761447,50.0,9349.53781838292
12519.13167383328,8433.95581901477,52.0,7832.122543434333
9744.67321867754,5800.415353979016,65.0,7837.024087179844
13243.848559933023,5852.267711567911,72.0,9499.818353242637
16631.854928807694,10946.444698504169,74.0,11253.788837781023
18856.177600312403,13225.439239002117,74.0,12581.588449904313
19009.37651946229,7013.307108672832,124.0,16200.925218978555
22179.294831206505,5771.264755136518,124.0,17300.221152354363
16590.223683072207,2817.683623015322,124.0,14926.896282003294
1804.2615883288665,115.35739690947035,124.0,9276.496044839205
3299.5624088168993,0.0,124.0,9785.172578267977
3352.412187662961,186.58576705381273,124.0,9786.296021928778
3299.933940553544,0.0,124.0,9788.258089284585
2919.2945118045536,1065.1162997638808,124.0,9643.367188895505
4011.725247706459,10122.519782485255,124.0,10075.289222286423
3489.145986668085,24187.639325004133,124.0,10034.162238624094
7161.862447338828,26328.14323290751,124.0,11144.953364114213
15311.678315819167,12114.469584968689,35.0,7545.561608700055
7087.299738178957,5684.573247765378,30.0,4530.981910718472
7789.81067061751,5259.072249435695,27.0,4502.666232722055
10260.039997101092,5364.619294973153,31.0,5597.82035523576
10267.759436943048,7302.873946969958,35.0,5879.261985685271
12132.093596976118,5772.280576354638,35.0,6493.851179422126
9541.466731925833,6324.212343902637,31.0,5349.580997652571
11792.350697656557,6855.427565538014,36.0,6450.232768664361
7065.274684630503,9144.389372511147,55.0,6252.429225562299
13967.415290468933,5792.985847681202,76.0,9965.804607958291
19818.310676215853,10279.92874501869,80.0,12214.744880649214
20549.36595614545,12017.155070641636,69.0,12060.994370779064
22246.81880414978,12894.34330801132,77.0,13788.06326154186
18832.192836719445,7523.275861684047,124.0,16263.440057302838
20078.43366700101,6815.081402173515,124.0,16587.84859609896
20225.874726201757,4530.729741154178,124.0,16228.594774221845
1883.4003844974573,577.6506904862822,124.0,9307.795060141943
5610.135853000885,0.0,124.0,10555.169153530405
3671.345849305643,667.5738317668438,124.0,9916.848984454626
3555.25584476425,398.68820683701585,124.0,9882.154262125074
3115.398200585422,97.90107653966794,124.0,9722.482448537696
3567.0745920863874,12954.251210034454,124.0,9872.498050846483
4712.011438472728,31024.87257734009,124.0,10420.597992275916
12446.174237841633,37557.422282143,124.0,12914.169804317076
10737.318345239744,16321.279035742393,40.0,6503.0763215155885
14275.943784302432,7710.390313196213,32.0,7023.974346707
9202.600885023328,5301.742051410053,32.0,5304.740826220163
6256.434806047963,6003.877005835685,29.0,4178.846571471932
11700.769056617564,6635.519553254856,29.0,5945.612902221693
10193.359070690232,5703.278806544655,25.0,5136.801907596059
15604.732793467896,6403.266859954969,33.0,7503.461857237375
6606.626951776579,6102.2074977547245,39.0,4925.900055631616
10981.052248168096,10319.364834706546,58.0,7710.193974116475
10995.929812568353,7350.0134888564235,70.0,8604.008878539793
19275.98128488181,7605.564227972366,83.0,12316.581672748023
21693.17783666791,12603.170641856887,80.0,14033.540907787508
22692.91212472826,14304.246008133021,86.0,14894.416410121363
22340.93733320612,9025.116622928654,124.0,17631.10016470585
23157.77769284281,5493.871698132127,124.0,17755.56664106864
18323.516607823698,3132.8469758298866,124.0,15370.841447031426
1818.8602370978167,253.93204853118706,124.0,9285.985166539022
2515.2645024262665,0.0,124.0,9510.037285800669
2910.4162536402405,0.0,124.0,9648.750556628745
2622.3378368601475,0.0,124.0,9545.371486163851
3498.6331821696526,0.0,124.0,9834.548950115988
2820.042721425517,7980.032692668774,124.0,9610.61409807042
7942.65592180927,33172.628452828714,124.0,11409.855995664024
12133.286095483072,40293.96177523087,124.0,12857.233952883156
12675.630936275373,21817.885558514576,52.0,7941.569681658585
12097.507878098224,7627.653462028069,31.0,6236.82726461372
8269.746406966358,2888.5825908718007,26.0,4590.307597597289
14334.148837456245,7724.055471202605,33.0,7108.398649029928
9129.309772002127,8136.395036402036,39.0,5796.628495196161
12659.423343537908,6238.4376429029435,37.0,6839.314131229124
13270.536383073173,3743.126932295723,31.0,6626.22093610768
13706.366666536398,8494.423975097761,40.0,7352.78553985832
9880.749940488751,7333.73119227464,51.0,6897.6349886392745
17854.50094687204,8689.559646106945,75.0,11182.244946352577
13842.510061086157,7619.192977224724,81.0,10288.43483189504
23849.104609663795,10682.574582317471,70.0,13236.01559131158
22207.433712377595,12642.593040286192,78.0,13973.391668994946
21274.740106666464,7500.017358334983,124.0,17036.129203829452
25708.722127542762,6762.212380075455,124.0,18816.342662788247
15296.974822621547,4197.3764768298715,124.0,14775.472832195615
1847.3575203166,1315.8091188317164,124.0,9304.508400631232
4288.3871675734445,103.47919096543143,124.0,10185.71633020608
2789.764324942916,0.0,124.0,9604.002305983075
2881.1867874107515,12.539876881490152,124.0,9653.969322715797
2613.66954766534,262.02317451890553,124.0,9542.510950729564
3099.911676481985,3263.56879138425,124.0,9702.97085323906
3295.229287192146,16444.13113488853,124.0,9798.455256099693
8402.558522244288,22507.855417552128,124.0,11512.320155196834
8522.763544132762,16810.88714870121,32.0,5078.073614035957
12904.72125293541,7718.57771361911,29.0,6326.739727248929
10463.630800414288,5181.090441172446,33.0,5812.567172629904
9961.714406040745,8350.091616712789,36.0,5859.812717422815
12283.981646507042,7253.379255591766,39.0,6847.565261651361
11010.738468620684,4317.117442313582,35.0,6165.657550028614
9804.421916075,6891.764957754686,34.0,5676.186026971872
8225.63369959141,6332.303254258571,34.0,5156.091022557827
15711.678644092684,5924.2053969753915,48.0,8596.99060669233
14390.991710412958,6992.704781087984,64.0,9264.610782356709
14385.968076359924,8142.905489226806,76.0,10194.092888875883
22070.87877344587,11334.924178869713,87.0,14498.535777866493
22775.16435397961,13277.155186635971,89.0,15219.137091613202
32268.73110526232,7388.722436835991,124.0,20892.861592732497
24574.542233459943,6893.98886919537,124.0,18254.388373438942
10087.28511343378,2415.4702300837885,124.0,12668.972863430294
1800.8562111705019,414.1267675239593,124.0,9274.282549686268
3067.3732385066364,0.0,124.0,9740.070399215861
3227.367593969956,0.0,124.0,9745.031306010087
2908.8075438789297,0.0,124.0,9639.906489480049
3716.989869853758,0.0,124.0,9906.606657051743
3192.4353671238705,14411.962339531632,124.0,9733.503671150878
4062.6880880328517,34369.74363889306,124.0,10244.05425058364
18077.150515155394,39550.377696573094,124.0,15096.31130796795
11519.722462760004,12702.695567803305,35.0,6465.310312142453
11584.375003362864,7021.862510347615,25.0,5609.273045129912
5171.914117951002,4085.0406963588052,24.0,3440.4535743984643
13545.390413462279,4496.152129605226,31.0,6680.709814938919
7164.015968063674,6293.336854654923,35.0,4866.883518133742
8948.899797478967,4676.734247555893,32.0,5223.910280285673
9849.889127597775,3344.9509441756954,27.0,5191.246296704727
8075.808325842292,5396.794894236015,35.0,5152.035678826808
11970.877032101114,6112.251203875865,46.0,7221.884176410122
18334.595789124778,5119.245303413954,55.0,10024.172729019016
17719.508382248776,6392.784052242463,75.0,11215.793703818637
15937.998877364042,11645.977873233829,73.0,11362.130936465637
21098.058733735383,10308.015018346783,74.0,13325.706614715597
27847.316281033916,7597.6964865112695,124.0,19179.631293171547
17340.373604739696,5817.148608778976,124.0,15491.724035335787
18483.129953165873,796.6158415324365,124.0,15349.02277344669
1824.671968990349,324.4194350432605,124.0,9289.762792269168
4429.626322031103,0.5603035636246204,124.0,10332.9187554923
3156.6796665682537,523.5249885030091,124.0,9772.72388162089
3463.258234223402,0.0,124.0,9845.1506764886
3595.6953464940566,716.3267096044494,124.0,9873.80942268126
2552.940058028558,3783.662034920106,124.0,9546.301750918612
2717.0356308145724,7475.4742445178945,124.0,9605.087192713554
6078.937066747416,22744.92615946612,124.0,10768.945176849715
9443.170445976224,16793.915290598197,55.0,7047.261123362672
11924.174313181782,8443.832896443702,64.0,8524.053415545695
21095.45447967182,8624.749456815047,65.0,11652.148984950774
11918.276058048852,7873.193242544308,57.0,8059.766713299398
12537.93634236533,9637.17445007867,57.0,8212.975490318073
14014.169062723984,6523.755574106241,48.0,8066.449600279596
19957.670801172662,5092.881349530692,49.0,10153.253716671814
14588.446951090908,7156.9608456071455,55.0,8720.559455293302
13713.263173615465,6602.643566181695,60.0,8807.929337700758
20417.72933098966,4583.602651276875,81.0,12527.572762997377
18199.94593000141,6196.917306198117,84.0,12009.79742231624
16068.261454163514,14605.910801256883,79.0,11315.146040730257
23977.419966342728,11350.619796044191,85.0,15235.931761454138
22588.733046859612,7583.204583195534,124.0,17758.877350883522
21810.626841122765,5267.02784658894,124.0,17280.91529702032
19007.748595484572,3662.0158858198674,124.0,15769.535269846176
1866.9858142311589,125.97268939614297,124.0,9317.266791675695
3002.6983196594515,0.0,124.0,9713.223069587215
3214.3683797265912,77.60759876339385,124.0,9740.741565309778
2976.471416321638,0.0,124.0,9693.302616964991
4421.669355275013,297.82777171550936,124.0,10144.012758736204
2733.6843288516666,4822.798549411756,124.0,9583.616114765216
3931.432310419378,15560.562520700756,124.0,10083.384006698952
9148.512908778253,20004.3838153312,124.0,11722.327723282275
12988.40691938309,15471.988570675316,50.0,7868.782716723015
11242.257170621719,11494.609662653445,61.0,8042.514431022595
17016.02074927233,11430.02036801962,66.0,10356.55795214768
18832.4737575957,11335.00710865526,59.0,10476.894528592844
8350.314911408257,10157.8409807592,65.0,7386.0479822797115
11781.191723923397,9109.898376562882,66.0,8627.586289846031
14493.659360971693,9376.746515012284,59.0,8964.18034075192
5439.189625450351,8869.048367953486,63.0,6292.535308557239
19984.04393681486,8566.342266413136,69.0,11485.27736091411
17215.044166791024,6790.300986233788,91.0,12151.315833943501
16594.368515634105,6489.688421741314,91.0,11966.349824490742
19316.382756571726,11769.941968744004,87.0,13103.772627231021
24004.701177716583,11302.42949409187,84.0,15086.80007901695
24253.88908828624,7460.146329343195,124.0,18114.401553671938
18241.24180707692,7060.506192186041,124.0,16036.38112324955
16933.94432008834,2158.1616121061147,124.0,15217.563247174015
1881.4879817674546,639.0461993858839,124.0,9326.693200574287
4351.834085826376,0.0,124.0,10252.46106041491
3632.4085554541407,236.87554508919519,124.0,9888.694545843804
3056.366622008843,369.84104983930786,124.0,9715.503268771807
3615.859063471236,341.95519067744414,124.0,9921.46375596653
3433.592069616102,7686.580026730584,124.0,9823.764187038742
3501.5740734234464,24661.07923261405,124.0,9916.027902630285
9533.268497736235,31317.956021841608,124.0,11949.928895726895
12619.620886110833,17249.67838197065,37.0,6818.886085735669
5753.2937974937295,5522.832530210165,25.0,3718.2269479215765
7637.892328497153,2687.130820930936,23.0,4144.269562532255
7644.818525061517,2682.887997356492,23.0,4141.015119162191
9495.727001581874,5130.1902083540945,25.0,4902.007978739542
11569.138590306085,7312.925003707533,33.0,6153.470869407959
5068.623218381179,5948.360775362576,34.0,4087.479424713435
19559.762663914487,8157.244240034621,41.0,9345.418800649677
14696.27755708471,8304.60537554926,63.0,9301.409947496892
17713.6717170863,7004.023370066597,69.0,10721.555898617211
15160.611887285133,8399.460198233215,83.0,10888.474080916503
20649.92076859722,16741.98294112285,89.0,14332.362455293565
18261.682342537875,9080.231598616268,82.0,13184.015339511352
25739.492056484058,7912.107564208222,124.0,18814.854078725184
30549.44556676419,5666.243536560796,124.0,20410.322942313644
15205.57183069309,4918.035554704133,124.0,14848.555663349613
1856.1317893612809,616.8386795612672,124.0,9310.211675510274
3819.648792031579,0.0,124.0,10088.149572631606
2865.297982327734,78.93333942083022,124.0,9625.548334168154
2830.1599003975966,64.35614497258018,124.0,9613.95276713121
3138.1220700770427,824.8935520399982,124.0,9722.092561089985
3183.803647619346,11274.40789046424,124.0,9800.845009256873
6260.612075193229,30636.407830790362,124.0,10997.420307983482
6135.045740673334,26199.98209803197,124.0,11274.792748415668
13758.971884173576,13973.724628302389,40.0,7545.5063050527715
12968.644779076823,8426.344976172597,32.0,6561.746976518309
7429.716068574404,6258.22181384104,33.0,4780.4499957866865
8524.066233840635,7862.863617460927,32.0,5080.1254522553245
13490.45737845291,9217.618807530962,44.0,7585.163625636924
13339.066693064018,5788.575831525896,35.0,6917.2078847152625
13080.363524942491,4523.337929085704,33.0,6685.536424244821
16467.995237063355,10151.13713166273,47.0,8788.56685063001
11982.304305524678,7254.312688743198,65.0,8574.960386909768
16311.428801076105,6690.082155142724,71.0,10440.566452820169
13918.824834239167,5995.679674284471,84.0,10614.532772362574
21954.624771934294,9595.799312067282,78.0,13187.362580270712
20490.92675316654,11617.023152910544,80.0,13570.813274207421
19504.03196622466,9314.816791567328,124.0,16465.406514175484
31494.394340939627,6710.356464635023,124.0,20397.110267875614
16600.33194149634,3669.1936606363083,124.0,15035.279077914114
1800.8562111705019,19.884393659234046,124.0,9274.282549686268
3290.818870625935,0.0,124.0,9805.404275532721
4031.6825056334833,24.851708509027958,124.0,10048.683926558506
2943.016636714128,200.46957050127287,124.0,9675.433431032992
2746.4486992679936,372.33573227953167,124.0,9586.328070758438
3089.1647873447373,3485.904218717354,124.0,9699.424379823764
3108.5420059476273,26505.617814033107,124.0,9767.167329524167
10334.270593987525,25221.43104087518,124.0,12481.871838462916
8012.557304239112,12862.252194988418,35.0,5277.418724846204
4932.048532668741,6648.69969471544,34.0,4112.463786806798
10978.512925853809,4514.486824524155,22.0,5192.293986543461
8496.150921766599,6661.1503124973415,28.0,4783.857245449046
9580.441519895823,6189.352351954393,33.0,5487.342740953664
8108.384883252775,5453.355098432428,35.0,5145.8282322929845
13781.257553234711,5106.302237072092,31.0,6734.676894376989
12302.107480271765,6915.761677021905,35.0,6549.796038167475
11398.30636012354,6823.9811076674605,44.0,6892.182096383911
23581.431204819753,7914.2676368612165,75.0,13121.688688211185
14232.802479545613,5770.24318928079,86.0,10848.354974152147
17111.43450815623,11518.782011154975,86.0,12024.729862566488
20763.197371093953,12688.782142233847,93.0,14608.072322335853
19191.39512100168,9754.548262245768,124.0,16512.99344200373
28047.83856084519,6844.059214969477,124.0,19460.20835335899
18404.654265062927,2890.511386753184,124.0,15638.549312278694
1806.8838774777128,143.7367120050515,124.0,9278.200532785955
6485.149705355187,0.0,124.0,10949.61686857232
3669.2567724734304,53.42841786965728,124.0,9890.854734916235
4553.681676405304,0.0,124.0,10182.714953213752
2658.8099835622847,209.37254437990487,124.0,9557.407294575556
2729.009113012015,10398.08202346818,124.0,9599.911772440595
6465.911240770107,26018.481088439876,124.0,10940.263595407336
6907.526749508892,27000.79187332498,124.0,11006.03557573541
10783.6016658935,15935.668378738188,49.0,7055.561960557052
9537.663828223436,9288.972246351153,41.0,6111.756463466033
9250.828518075818,5944.3252075720575,34.0,5579.180101716344
12094.955481831059,7212.067349838404,30.0,6161.425553373694
12734.273199520378,5763.167924110406,35.0,6710.0683201205175
6976.097749614655,5621.749537869916,40.0,5147.089378618299
9089.840771646077,7759.809631879317,37.0,5653.938465870781
12425.803595184083,7929.496408325495,45.0,7291.098397077379
15772.510699214989,6846.670163774118,51.0,8825.63401632669
22716.685555858377,6753.932242637623,66.0,12205.505803865759
12144.29856317301,6231.738172642017,85.0,10099.429537251586
24162.905017086985,10355.374070531625,81.0,14124.192061570166
16998.539136926196,12138.70979627619,85.0,12934.118088618208
25869.508450779857,8029.24235230194,124.0,18570.056966629687
19158.75131114502,7189.57900912476,124.0,16387.69915060239
17014.451363286964,1571.0611730069543,124.0,15165.522705083222
1803.3947933870845,0.0,124.0,9275.932628127046
3077.282741909559,0.0,124.0,9756.67954652727
3034.826025596946,766.7008965674788,124.0,9693.600596121178
3082.431896736828,289.11545860829455,124.0,9704.88424365214
4371.380812970012,1067.8973377115403,124.0,10122.555668280103
3283.6870364071406,8696.510183669068,124.0,9848.017283382474
3625.4661488113966,32887.31416563478,124.0,9968.68887600621
9889.827353351306,43953.506219122806,124.0,12031.100218112571
19245.237154016795,20097.0187688789,46.0,9643.082463303443
18417.80895281438,5106.0935903696345,35.0,8623.662373163963
7751.677875349782,5805.5426419621335,25.0,4353.413973357277
7343.124825939086,5266.437387881615,30.0,4550.268846160386
12926.590917659041,7711.879175539561,40.0,7095.664301070523
11970.63969725583,5047.631580069163,40.0,6831.829986774664
8631.062510896138,5356.613983463495,39.0,5626.766480756996
10135.718699415193,7003.934913823754,46.0,6650.569152010082
7812.007140452621,9650.235712345811,63.0,7041.072869323214
13181.786320553962,6280.044007799962,77.0,9813.459161566585
17060.263870683117,9094.871738675174,84.0,11626.39976029302
21188.325304384965,13128.974752426702,91.0,13860.846537333702
26723.18279683765,11866.167364576522,92.0,16695.55975130416
23383.145317718696,7034.36834429633,124.0,17924.181159525913
20506.37133339899,5655.378372607007,124.0,16979.44693770839
19112.197161838518,3413.9258427187187,124.0,15680.34496397738
1800.8562111705019,193.79631601460278,124.0,9274.282549686268
4770.069652419006,0.0,124.0,10299.647703644741
3267.8046917693887,228.1616582430899,124.0,9758.375548283899
4435.721026893167,0.0,124.0,10143.787938874746
2400.210765640189,554.207904526405,124.0,9472.069552661264
2468.243751278811,3546.643651452661,124.0,9511.940934919707
2775.8684275738274,13207.377806190527,124.0,9614.537722338868
8905.639216483618,22759.682514543463,124.0,11634.413018164705
10174.977558530725,17656.143280793785,55.0,7232.8270929585815
11115.660873264675,10990.76844059682,69.0,8591.652696763278
20878.849558145906,5577.307831053002,60.0,11183.505673694708
14219.04264605699,9932.378828090303,53.0,8446.991695003704
8234.224154185149,7333.222524325983,58.0,6868.539476281472
14340.387266149286,7219.617908862233,52.0,8455.611785157143
18480.719880895856,9918.672930065355,53.0,9863.593966002445
12858.790341790858,9851.874177608886,56.0,8248.93020978812
27107.153086534796,7912.446752582553,73.0,14194.41642310484
15372.388099003338,8883.592085756669,80.0,10823.04919182033
21202.203743605063,7653.068336413924,77.0,12594.115547951837
10441.110249607917,10938.94089833821,76.0,9289.6745554458
20277.300683398964,9253.049787127538,82.0,13441.601810863682
18312.29197926821,8633.334676457194,124.0,16019.809899488597
18899.770739202344,5260.926308164125,124.0,16279.532556717952
19624.550110413846,3844.519915948001,124.0,16047.833312405357
2196.910990495888,799.8608968357246,124.0,9416.056662188348
5750.6367603926,38.17382326480001,124.0,10738.939767433114
3099.629152411811,276.2759623287245,124.0,9712.879528590332
3447.3562806795067,410.12033138107506,124.0,9829.129767162838
2872.8577927104993,154.29155788657565,124.0,9628.043071594464
4347.227669975949,8213.10192509368,124.0,10121.71411466171
5448.905532722477,16739.25130931133,124.0,10538.569097126134
6734.713188557126,17200.04731841634,124.0,11015.952016449653
13196.463768550426,19273.720080973457,52.0,8118.668610654773
10186.643007019597,13278.076215966421,59.0,7567.5841552852535
12379.276915266557,8140.385831971715,57.0,8175.335306378545
11049.308215596926,11231.925607360095,65.0,8249.448888663681
8447.523183840583,11633.817732342644,63.0,7292.576409212872
14571.332208408667,10675.799681031083,66.0,9509.033621734312
12665.020722873744,9766.673329287332,68.0,9019.871763438803
9797.160309148912,9675.39553614799,69.0,8145.925893296632
13345.908681285375,7429.909471167251,71.0,9476.169177439264
16862.070037156158,8122.503916799649,79.0,11232.013805212619
16411.883755759216,6955.876396207761,84.0,11432.215152579272
23518.384316188116,13967.590111576892,75.0,13954.737565631272
26057.45368266322,8791.261009528302,81.0,15715.113435505005
27865.531438979466,5652.093918195864,124.0,19562.402859907892
24570.032230583016,7784.54691651507,124.0,18264.73431172157
18850.599832947642,2847.063205037825,124.0,15701.91145978043
1875.0937381636013,363.6537524494653,124.0,9322.536942231782
4512.899331261138,0.0,124.0,10294.204062122799
2934.2815482786814,39.29766457726558,124.0,9655.51210468394
4172.5572026080545,905.0131387179097,124.0,10071.485651730329
3311.429840237671,0.0,124.0,9772.771847278436
2342.83811806115,5299.43053156243,124.0,9453.136578960182
5416.532434990179,24032.00843452259,124.0,10580.807041136959
5654.055777872489,28485.987243053998,124.0,10894.65707908084
8074.689732820079,14868.835602997551,35.0,5257.913105585579
9923.305127327238,6822.813707593704,25.0,5142.12503208899
8933.147296479958,4000.75054795264,25.0,4718.042756615027
7948.507441054192,6673.490781458465,35.0,5115.10811026936
10158.137665656535,6550.76710561278,30.0,5465.077041793569
6433.769741155264,5204.332752112175,33.0,4486.680162980086
8857.104164663471,5544.326734835904,33.0,5276.057409738592
8875.511708514172,7043.828280163556,41.0,5846.36993998908
7907.450293223476,5154.063931324519,50.0,6163.255344729306
18429.647331538497,4614.337004738425,69.0,10973.480706289216
12608.78879183352,6145.474730159591,84.0,10136.368868056423
21537.825786574867,10732.831180765663,86.0,13531.240271204058
18572.550829058226,11969.917633555333,91.0,13790.726458913054
38181.419548357866,8985.06144102222,124.0,22912.963914588192
29814.491711469585,8120.184950843765,124.0,20097.07189935567
16277.676564244686,5887.023719434626,124.0,14926.169241937278
1825.4247323413217,853.6247210472823,124.0,9290.2520884473
4884.015744819574,0.0,124.0,10339.203149546192
2864.469463758177,0.0,124.0,9625.274923040199
3865.154357127903,138.3253221080328,124.0,9955.500937852212
3530.39020209903,46.8168798437342,124.0,9855.353426850148
3186.536405412967,6350.533350240936,124.0,9749.007143629882
4277.871301165146,26384.28365408716,124.0,10184.291591752559
8960.591189714038,28068.329236731308,124.0,11770.730278857853
8231.785948229355,13191.586094164104,35.0,5273.942974550528
10775.041131163829,7637.426505341941,31.0,5807.708877862599
12320.827345923912,5856.2644871538505,26.0,5940.100431780178
7593.862636631234,3771.3996593084808,28.0,4516.204899799318
13074.951899604246,4090.81006892814,29.0,6355.637811038251
11481.105134127034,5749.1321370577425,34.0,6258.175407481127
18545.22339001722,5402.475902597731,29.0,8275.010615593972
12928.186704791695,6067.14411919359,27.0,6214.022878386313
13222.051580231016,6692.90575227253,53.0,8133.5152322193035
13724.528812298564,7192.0106037049245,70.0,9486.927344433658
16045.774673565675,7002.122229291497,84.0,11247.472445309566
17707.087632631148,10533.1360445207,80.0,11650.85078799799
26616.7019536,11109.544905691104,86.0,16133.898507360635
27068.300042988438,6689.221115876113,124.0,19256.52404574967
23896.33629211216,7488.1343952855095,124.0,17927.70613566839
19789.570577309718,3803.927163286073,124.0,16266.534950906324
1867.0940669193608,0.0,124.0,9317.337155923025
2318.9557617889113,0.0,124.0,9445.255401390341
2902.571870828089,0.0,124.0,9637.84871737327
3723.8535547034767,141.46850376234698,124.0,9908.871673052146
3354.2941875697097,151.08948257472366,124.0,9793.716893227884
3103.9967966947497,10554.110500185128,124.0,9704.318942909269
7557.71853035289,37472.56993545499,124.0,11349.609701690568
11428.452325073324,27932.121052758142,124.0,12834.207360835266
15930.304413407566,13467.248689488633,33.0,7736.7034030877785
6249.0720874021545,5738.0798325847845,28.0,4068.1928371063104
13270.31817931506,3687.9583603501937,32.0,6625.977626463107
7456.092436138537,4728.476547619514,32.0,4714.289060137697
7243.144535292759,9713.2872038804,35.0,4860.244205475013
15129.441426555924,6634.382073379184,45.0,8166.327267929686
11995.06444911004,6157.42692167163,41.0,6883.7272000495295
10355.298661478533,7902.793595836559,50.0,6982.272882515877
13752.916276481516,7662.363988086768,60.0,8834.021312018913
11610.392639715097,8061.535854330286,73.0,9020.855267691039
21575.632826789813,8016.201691094164,84.0,13076.581573582096
31597.562208401294,13503.077429286139,81.0,17179.93782661567
20792.88034782378,11305.186093553093,80.0,13897.503058758015
30968.50028899848,7096.320756255649,124.0,20399.07631303027
22604.058405429707,5311.939352850926,124.0,17367.65357033658
11666.522165432747,2947.021717812121,124.0,13159.852390136506
1818.9237319122044,0.0,124.0,9286.026438168374
2793.5692660496256,0.0,124.0,9636.650105237528
3222.482615825962,0.0,124.0,9743.41926322257
3115.3870250158966,0.0,124.0,9708.077718255247
3027.6774848122714,160.7352225769311,124.0,9683.390174342414
2214.9360909635416,6948.033793604808,124.0,9410.92891001797
3678.990432066016,21702.514745595494,124.0,9945.148344203344
10219.627494861295,26573.255269683465,124.0,12210.42938279987
7636.647857270213,12273.27404247069,25.0,4323.481737908399
12946.329683136099,7030.750693912866,29.0,6340.555208110944
8778.190609357673,3769.501099049052,27.0,4818.34351683561
5012.110169119476,4362.0141148485245,20.0,3070.441877009785
10287.839930444161,4066.5256817614036,31.0,5579.93706922557
9253.200486457505,4839.702981701678,29.0,5112.16000678243
13641.306795106027,4353.9986048424,27.0,6417.617857506281
10487.88858157772,5069.6433669062335,33.0,5782.283444194362
11714.568916680011,6949.175329353163,51.0,7496.423217019088
21935.768709496166,4578.6302631994095,74.0,12462.828941700822
22483.426552807192,8661.180447986782,81.0,13188.843471691476
22531.905634488314,10720.855420093858,82.0,13312.21732396715
26367.034527750086,11890.592055639065,85.0,15926.6724425854
27250.295851294595,11021.027880499514,124.0,19312.51050488288
29995.8299958422,8299.354351751072,124.0,19985.607680255765
13524.633445132646,3751.3720857566223,124.0,13966.655622580894
1800.8562111705019,0.0,124.0,9274.282549686268
6080.069666770164,352.803570614631,124.0,10767.177633247009
2262.811698456099,0.0,124.0,9432.208703851875
3285.6837755348547,506.7169536008189,124.0,9819.454566451122
2958.7746921698536,2556.253396506732,124.0,9662.550063555738
3330.711027992989,5043.614450844067,124.0,9865.82904128414
3283.770792312238,26905.438962629312,124.0,9953.34731545071
7393.816138230131,39945.62677791455,124.0,11176.472578575303
13255.022031194409,13707.752668198382,39.0,7160.122288687453
11884.650609978917,6193.407120702725,43.0,7004.932372708961
8303.966495547074,4650.41130697988,35.0,5303.449771458845
5744.075475800763,5969.331615178164,37.0,4533.4305723321
7789.488931890604,4035.3623732419064,33.0,4936.221862987455
11431.135480675284,4399.667129240309,30.0,5900.431132059814
11022.708754710528,5636.072027359033,30.0,5755.388943595682
6851.692443497718,5327.957940436403,33.0,4631.2195051552635
14512.063081098719,6680.432562530227,53.0,8515.41862178861
20154.58652982841,4834.715169604371,63.0,11156.846434163666
14372.689911951702,5969.490193018565,79.0,10366.989984972812
15265.10668642945,11910.37308006243,85.0,11127.540902054616
20809.705683750133,13011.643849603584,81.0,13614.439666764629
31081.69482824088,7419.95336200384,124.0,20418.84785463676
26695.720783663568,5562.590576685467,124.0,18739.17423514419
12172.511900563966,2504.4669226572537,124.0,13339.422775865849
1819.490572529203,233.16074544483178,124.0,9286.394884569423
4168.783579601019,138.48369828866174,124.0,10143.456401408479
3397.509313705729,52.0969425637275,124.0,9801.17807352289
3411.911800294525,0.0,124.0,9821.828917832338
3473.611783955464,906.6409285522998,124.0,9826.291888705304
3240.9437468930246,5709.587846355513,124.0,9793.85521089648
2987.7327228288914,9957.083668113686,124.0,9712.363162781136
3052.6292849735546,23170.297747642235,124.0,9694.135718728328
12638.408906113846,15844.021373374882,47.0,7491.573123887135
10972.944633491288,8433.765295848127,67.0,8381.827651643662
17335.90837224793,5232.056467095081,49.0,9271.324892356313
11980.485408297176,5701.0498299842075,51.0,7593.913073920063
9729.002268566448,6722.2545133213835,57.0,7268.8590568026075
18157.554212598745,6676.522794375942,62.0,10445.316531275204
17684.415475370944,5113.187973143968,58.0,9957.466857229329
15948.1257013009,8283.010841465246,61.0,9614.147812602137
19063.98839949353,6424.755711038101,72.0,11429.798977153503
14489.060762934303,6002.80086228506,83.0,10708.293137157929
13128.516538155032,9480.618753631476,89.0,10690.930242677687
20614.12764244014,12923.71250313036,84.0,12817.379695479658
28874.194977296716,11393.408758888952,79.0,16091.965306684453
24827.369672648878,10563.46893602827,124.0,18234.449250838657
22391.849865698037,5775.714642064522,124.0,17479.527247638656
14692.301629900501,3959.6428580838565,124.0,14241.350847456295
1818.963775912881,601.4674243882299,124.0,9286.052466768813
3082.0803385649733,87.97957871084411,124.0,9775.947590844215
2834.7362742140026,99.22530031676094,124.0,9640.601371453757
4755.282394654568,139.9935849485919,124.0,10277.803078561199
2978.951653452874,66.66114618834108,124.0,9663.05404563945
2767.6468277273148,2641.4846687753998,124.0,9593.323453150015
3273.2067041522337,11688.29244473589,124.0,9773.981369079236
3184.262940549104,14569.153746203208,124.0,9737.901110971816
6566.098495776607,14484.57555007419,40.0,5009.10781973661
10767.856585308029,11043.47343504342,58.0,7667.202137879694
8902.215237551312,9264.348270287055,60.0,7212.648656138221
6451.174330315256,10417.807651338477,58.0,6270.261267355099
11324.290674891769,9279.053618326534,62.0,8156.87285720066
16976.499725320828,12509.096503716712,61.0,9995.975829435785
12611.144818222141,8746.703167957254,52.0,7873.359863974341
13867.602877198906,8090.737490804058,61.0,8915.0755513284
14845.707272665011,7996.854407021341,62.0,9356.651146766191
17984.615533808206,6350.242144794018,74.0,11183.396162810002
21414.062142803894,9184.122714324358,84.0,13076.595886814024
11293.620849575758,12225.121014482032,87.0,9894.8883309905
18036.58045907302,8548.075335842932,80.0,12604.65451188516
16035.367296831724,7214.016597227069,124.0,15184.794476114323
14318.930268067961,5801.1897829592845,124.0,14589.954392794158
17870.544310505098,4256.009790470327,124.0,15507.122500523124
1899.9688076431894,277.2480527877808,124.0,9338.705737393515
5256.189366911003,0.0,124.0,10521.077403042305
3443.6406272563227,14.975138697711131,124.0,9848.362164854872
3104.2611071690244,671.984594452319,124.0,9716.391449563389
3040.5476453791193,345.73908112297454,124.0,9699.505132448237
5410.038279390606,7661.166668420098,124.0,10483.550589703893
5731.797101975306,20738.824828866746,124.0,10601.951898041696
6834.468563039355,25723.756449523935,124.0,10988.439395813188
16589.135297740046,13767.698729545933,33.0,7831.896915775155
7485.866571387914,4224.600813481149,24.0,4188.672174790796
7008.365684486607,3804.0566412792223,26.0,4139.889659450224
6412.657642743662,5406.375242201488,25.0,3894.1043195762886
9680.62175379667,4523.594541239552,31.0,5415.122725452426
11621.816614505757,3740.7767239063974,28.0,5818.668671287884
7273.026140148439,4197.077890339618,25.0,4167.054874355263
7317.942207055981,7153.3288276070725,31.0,4605.279413146009
9311.880077440352,5584.1973931737875,56.0,7058.8817518181695
22095.11153403531,6759.343756540617,70.0,12266.115850289145
16985.83388801304,5421.731449459557,72.0,10747.838683060489
21924.3363306257,11979.140401488416,76.0,12593.500976097357
24477.793433943174,13216.239316570449,80.0,14834.070454887302
16031.530701875377,6487.803301019842,124.0,15457.381818079495
23042.005420264297,5052.352985021782,124.0,17455.416637222763
15432.799249961934,3632.5623410381377,124.0,14530.562089316538
1810.0844522363652,161.37461442444473,124.0,9280.28090637908
5319.951122585355,202.8155875009174,124.0,10555.722984230944
4565.378216197573,263.2031073795011,124.0,10186.574811345203
2698.0203808121,570.3941453215356,124.0,9582.228364950735
3395.5368999078623,0.0,124.0,9800.527176969596
3444.5713758287357,10101.891288072928,124.0,9829.871762236722
5371.898843387094,32633.456017202265,124.0,10609.409411740258
4110.6228158345775,27786.652943880294,124.0,10092.50358796912
11690.673134602312,14161.666352794751,50.0,7450.187280585849
8762.999780076801,7313.325223305821,33.0,5245.429688584492
8156.154175074885,5432.553276559091,29.0,4832.75000631408
11654.919109710878,6754.97288622819,29.0,5927.366205991077
7763.7253045306115,6372.531120499969,28.0,4566.464959862539
11099.474340117822,3753.2396271465964,33.0,6002.254394337619
14304.127650757693,4745.805483440063,34.0,7157.2197192741705
11222.041582132306,6846.520305966772,41.0,6631.675421776523
6014.2696446160935,6257.062950022581,56.0,6001.000923712941
17862.724533922425,7395.033124698264,68.0,10706.544859972479
15841.316421833679,8199.615362247205,85.0,11244.566195962145
16380.455454690973,9883.402404972103,80.0,11114.127397888067
26640.57791660946,12920.779105905815,79.0,15176.90267779878
16737.08468250185,8994.712260205235,124.0,15457.89352539148
24147.966208001788,6512.227293741082,124.0,17905.6780750855
18707.22226629964,3144.6495925686636,124.0,15795.246357869431
1800.8562111705019,1.7027396105850736,124.0,9274.282549686268
4371.011215038155,0.0,124.0,10205.339051267612
3791.4281998306865,0.0,124.0,9931.171305944126
3424.3087620997753,410.0914918290451,124.0,9820.491969399089
2963.45287894688,117.16027016850808,124.0,9675.291350064195
5315.983379006066,7796.832945941015,124.0,10470.378303572139
4619.6967547792165,24453.53244285397,124.0,10314.467955770924
11517.086671134153,26885.018954910647,124.0,12510.561046956735
12025.244881790055,19724.23422662498,36.0,6577.405577857975
6407.709532146385,6985.78872120281,34.0,4519.058485941232
13833.144960394422,3833.5749044316503,24.0,6261.067835788222
5734.249551307264,5690.380624078028,24.0,3609.5513545209324
5145.927774232467,3585.976610595795,32.0,3954.0059373465733
11752.618967787635,5756.349872186098,30.0,6011.774778772319
6770.657745805528,4777.8461299607525,25.0,4047.531212930801
5617.635200112448,7010.873828945123,30.0,4011.108729146346
13265.970589028002,6420.227009932387,48.0,7872.737967916037
8526.02212269041,6499.762844734329,70.0,7810.749781031674
16830.87411205285,8898.804121525587,80.0,11222.6167148241
17142.68297188226,11479.854020367564,86.0,11800.26762447127
16028.17236419384,12599.314949779025,90.0,12785.220895535886
22645.571369999197,9442.016272575036,124.0,17537.993410797433
23072.473212116467,6792.816892465454,124.0,17717.082617912438
9556.213782346707,3116.74770771414,124.0,12771.923257869354
1800.8562111705019,87.30741550289095,124.0,9274.282549686268
2484.494287391767,0.0,124.0,9522.628614788933
2888.481048431149,263.6101515984162,124.0,9633.198745982281
3470.92921368201,0.0,124.0,9825.406640515064
3182.163005965392,83.82972885320584,124.0,9730.113791968583
2598.8071691926602,4086.938647058482,124.0,9537.60636583358
2896.035075305079,22397.538268740846,124.0,9703.510320593103
8607.865702646346,31756.135505599097,124.0,11531.47399419732
15136.799444263754,13262.752778380858,29.0,7070.88887885043
5438.750031770615,6468.405145048288,22.0,3370.614051859157
14384.611203352299,3565.274403867684,28.0,6732.044716675294
5213.809042019762,5304.995606595278,27.0,3696.9729577037374
7241.476683805857,4190.739492359261,31.0,4632.1373854261965
11630.769898749093,5960.862694198141,33.0,6235.69830354599
6981.663329680903,4162.128520758326,30.0,4475.87231739559
7399.546108070277,4885.548972385997,41.0,5376.525717242229
18176.38720687498,12346.4154420256,60.0,10274.956909818431
16195.38358822505,5797.404826192124,70.0,10347.950635877838
12988.751195223556,6887.281160964756,73.0,9479.330647011997
19026.903281009403,12611.520700625766,84.0,12250.611468755274
16162.120821964056,10095.213654565812,87.0,12339.142087674709
31538.50256118314,11664.394275754505,124.0,20469.868890459496
20245.977250129472,6701.8804008306315,124.0,16847.247659754135
19326.589918124737,2939.716727769499,124.0,16300.352054526424
3390.6614724267324,65.33088786378502,124.0,9825.432838503313
2662.3076963548365,132.23164042650413,124.0,9611.268325178688
3268.8300612651656,296.3782306192443,124.0,9782.408681428285
3672.8530957176285,2.4113850657517713,124.0,9892.041521586818
2989.076342704065,377.61370568107816,124.0,9667.068877019712
4132.886703919376,13671.456029282323,124.0,10065.54248730805
8925.192981875314,38136.72189158264,124.0,11770.414459965721
7811.096310724015,46479.96268878921,124.0,11371.09243970185
19978.460770587295,11552.039952769315,35.0,9162.624543301145
11094.674547943325,6869.632195677422,38.0,6469.331751923907
15782.419856558436,4566.824211157362,35.0,7750.4704946939
8649.908632503162,3564.783151737911,30.0,5020.5943676119205
7031.8102101215545,5970.728551702201,31.0,4541.543918083667
10597.419522099815,4287.437620041581,32.0,5761.421747445591
12151.420879688809,5392.861502362353,33.0,6383.808485035707
11790.938715812008,5487.409345736292,39.0,6697.443620126894
9340.342059413626,7400.69759196813,55.0,7097.502506631762
19010.815566550944,7125.214028911107,67.0,11082.976674714704
18879.69091998505,8240.368009963011,89.0,12584.344865220839
19664.20812046314,10928.880252781137,89.0,12843.44810451273
19800.322787495006,9920.029411129652,89.0,13935.99840051024
30424.85759973454,9264.768676797054,124.0,20102.80373465196
27511.931463444205,6837.685643479044,124.0,19152.31904228815
23112.018222756044,3659.449624509861,124.0,17517.766480544753
2009.5678335407274,626.3894877385349,124.0,9365.45981487119
4739.437449731455,32.47157591246068,124.0,10347.061083934317
2955.5991685590484,1048.9765763770167,124.0,9675.740755578328
2564.8777824438753,677.8919984068101,124.0,9531.345388472078
2474.9592173668048,735.6796466208373,124.0,9514.332089323347
5092.498660806924,2085.1346046891063,124.0,10381.373103443382
4318.585406009428,10276.472984985945,124.0,10131.569620041077
6916.472473502255,15786.13857717564,124.0,11082.697372103608
4760.780604974355,14563.897461499646,46.0,4893.908350943541
10654.976287276684,9287.917444184362,63.0,7998.452641172725
14989.37959873993,6592.368098161244,69.0,9881.073689373547
10020.148483910574,9135.423831286902,66.0,8008.928170128716
13834.019971466023,9322.260728855865,70.0,9535.738567611501
15296.38458410851,7808.712573534684,66.0,9739.108202218851
19341.685303059076,7751.456781857273,59.0,10654.294154120767
16523.80797957536,7212.861438059496,62.0,9911.753101638984
11384.846177938181,10119.996101586643,63.0,8309.877194654193
13062.34859478907,4555.766736478358,65.0,8922.870513704856
22762.860955785585,7698.960813615534,74.0,12794.836646424152
18684.61731467213,11683.232550211436,76.0,12279.627078994969
19314.692187928165,13638.832041811569,92.0,14251.343126643109
21258.910564659785,10599.49496840698,124.0,17370.45271578963
30465.07055290959,6198.7249033522485,124.0,20178.125535423565
20823.174557250404,4221.462127658042,124.0,16499.099947797436
1989.7292124282071,869.276227249826,124.0,9397.050000503774
2883.8759846631906,0.8334505246331294,124.0,9670.047549848565
3771.5818021805644,504.42002288376295,124.0,9924.621994719588
2871.8747008955775,127.1780013843129,124.0,9646.888683963576
3240.9528490469966,235.42233792965612,124.0,9767.970771935054
2580.4744959617833,1980.7796561400717,124.0,9600.353885747065
3445.8216773645227,10829.420628253,124.0,9825.470446464613
5408.836054056866,19790.620652639183,124.0,10504.733170560952
12814.355117637591,18914.01010658554,51.0,7817.634692116617
5909.642698672734,8625.579224062587,55.0,5856.037497860381
17657.995172954033,8854.370813993177,54.0,9651.2853921269
12227.92046894615,10887.297335526158,55.0,7979.415050158424
15856.154910395147,12533.779301146169,61.0,9566.2661676751
18293.315421754687,8002.690199724274,64.0,10638.939840591587
13743.48977564822,10923.800241920975,62.0,8978.944540960745
9763.407919921703,8963.967800165527,62.0,7619.924078392729
21931.39900220023,6683.914471817574,66.0,11946.721219263833
8955.897353296852,7737.794954620116,69.0,7868.9948770711435
21782.856610234216,3436.082687606166,81.0,12969.87781197016
12285.493986949863,9418.474080144862,84.0,10011.304712008898
21382.773154864495,9583.636140260905,85.0,14101.44056615242
30899.776760952245,7380.058386542152,124.0,20384.323711250898
19702.796129535654,6027.72050570585,124.0,16454.97882567244
19645.727178269946,4791.357389347877,124.0,16158.214452476079
1860.1370336076434,664.7190085666253,124.0,9312.815084270409
7610.10128358908,0.0,124.0,11306.599832297668
3923.1154705352083,0.0,124.0,9974.628105276619
3002.094640443941,0.0,124.0,9670.691231346502
2594.141414323347,13.176165939991673,124.0,9536.066666726705
4878.132168077489,9082.510625702453,124.0,10320.352134521298
5926.074166445497,25394.015190034235,124.0,10726.361609310068
7579.188686491026,26998.538983750652,124.0,11260.468114059742
14973.57912951985,9775.241912914937,35.0,7441.860468743903
12649.198326740632,7568.909525301496,33.0,6537.106996963349
13430.75384436588,5648.168284586941,41.0,7447.99718752201
10441.095417130371,6745.927987749875,33.0,5806.93632852779
13113.199511598663,7072.10570522199,31.0,6555.106089313393
11981.361032796594,6351.070146657339,30.0,6142.158989753168
8763.36864205367,3998.542411346981,24.0,4595.202742602052
12926.972251465293,6374.230852530027,38.0,6981.862702361473
22914.354648971515,8100.754475134238,59.0,11744.482441713322
16711.720087219845,6387.623600916007,72.0,10608.993299506083
18525.82627985702,9086.601911509972,87.0,12335.753872671465
16958.32801480982,11235.219154606017,85.0,11689.27564483901
24505.546247643804,11329.940495047904,87.0,15106.008941913828
15089.501368458326,7559.599726492352,124.0,15254.63656632026
20197.333926349133,6676.55655760759,124.0,16814.91821875581
22062.155708546514,3297.5030896296726,124.0,16871.244079515734
2915.5703414588884,0.0,124.0,9654.699195289024
2829.760979298059,40.678169182687995,124.0,9667.609294375976
2999.969524239023,0.0,124.0,9669.98994299888
3303.8177108699533,585.4676624077063,124.0,9770.259844587084
2768.785837571987,1718.2394677956897,124.0,9599.576876319079
2857.123532235813,11097.483088293608,124.0,9716.725105376325
7167.7510040245925,27404.05314964242,124.0,11191.532641757618
8519.04256496453,27756.069896551966,124.0,11509.289007883059
10012.613724804542,14563.766818202721,35.0,5815.310446027741
10942.741270399232,9341.01252102945,30.0,5809.244258551627
5949.712210326423,2915.795361226735,31.0,4158.40460700108
9605.7199357876,7126.390739431542,33.0,5514.178877327874
7935.938818348182,5662.284409515188,35.0,5104.371292753368
9063.203284928528,5363.102572916696,32.0,5313.902254094227
8799.719770719754,3907.195138254141,33.0,5304.495397863573
14091.302823309927,7653.631743147845,45.0,7919.045025180527
14672.525660471769,8839.17330763824,68.0,9721.034258855994
20960.77169505541,7807.1473820608735,83.0,12852.439434345733
12687.681348183207,7867.707112752524,85.0,10292.686478836113
15635.5436093535,10353.033354930769,84.0,11384.227221977297
22910.09207582526,10939.624511094142,82.0,14587.982577872961
20021.022811042058,5611.394698870927,124.0,16684.237933623954
27988.267943217284,6515.342502955472,124.0,19251.504993438222
22494.64363043273,2642.6564829378076,124.0,17114.546924961105
1815.0470602032133,281.3676223254452,124.0,9283.50660155753
2527.4229491520728,0.0,124.0,9541.374993812875
2648.765274105824,0.0,124.0,9554.092540454923
3113.403657008132,371.2963627340272,124.0,9720.064072700856
3218.4615068187304,1431.8559270001947,124.0,9747.507939312227
3145.43993478506,6144.263227395713,124.0,9717.995178479074
5276.258821801304,31799.89676203641,124.0,10542.32935152398
9184.18232187855,30908.400688092286,124.0,11744.384043484764
13201.65661267711,11099.310613680693,31.0,6547.037688418655
15606.175501748314,7508.205967801933,32.0,7405.069683435491
4423.069423679688,1393.9354732941217,18.0,2745.228774603087
4887.206404215805,2771.370368914865,12.0,2470.3327693814267
8082.486289360466,4980.772340636265,25.0,4447.164323289578
9025.263789545403,3470.91031799068,28.0,4969.543112849926
8451.501342469806,3803.0048493490867,27.0,4750.358019629041
9987.33451580349,7794.279187947142,43.0,6363.45025554186
16905.172870217397,7675.97455448763,59.0,9817.729277746672
13479.698517959647,7032.849863727576,74.0,9737.56033877816
15636.490783617488,7650.782834787979,82.0,11073.566051823173
12049.845811403216,12168.753700709281,80.0,9734.498812191707
27947.832787354877,10749.977146571438,80.0,15730.16699283673
24459.633659908613,8755.089925721288,124.0,18226.756913462075
15102.723676686099,5163.2587239728,124.0,14974.595122755454
18342.33345176029,3392.6306457140176,124.0,15550.221571699662
1825.9714874505466,88.55483667477966,124.0,9290.607479268298
3157.4065435840425,0.0,124.0,9843.379095385424
2638.05496554675,458.451234669735,124.0,9560.160285791664
3107.9026352352034,849.3377547024439,124.0,9743.333950883394
4224.251922635301,924.1145206386846,124.0,10142.568833682693
4621.947787477365,12956.10844268302,124.0,10226.2207047011
8153.838035567274,31365.371664374627,124.0,11651.725226216973
10979.992255717709,27871.83123574978,124.0,12419.70875770521
16243.951971102553,12143.65930624654,49.0,8905.736948809152
10525.102799268503,7046.19160413798,34.0,5954.4858263933365
13801.86902557329,5891.030748858551,32.0,6863.745352560696
7501.083804074915,5098.988367511891,23.0,4125.861584130053
8703.746694102896,5175.243764465426,28.0,4895.999457716407
13238.019113019844,3072.204165328915,20.0,5810.5483115209745
6596.275313144233,4231.770553408812,22.0,3755.2157595843773
13719.106327110167,4874.820485896183,36.0,7104.522447527567
14370.101773286266,7051.621871089253,60.0,8981.083043622717
16016.992294875887,6638.507339772334,69.0,10168.104036671808
15059.201887898955,6020.736760038946,79.0,10580.396595068823
22201.744176429438,13799.834692894605,85.0,13390.400156692456
21518.470050754215,10954.1259643492,83.0,13804.056395862679
22893.400610758716,9207.627112272072,124.0,17700.96336079803
23098.35347449252,7754.471707124264,124.0,17664.92272649272
19630.180306609822,2721.023449956129,124.0,15894.887778799504
1850.7948953271973,117.57176396896442,124.0,9306.74269438812
4178.546490685119,0.0,124.0,10148.709398814744
2578.3478288357474,0.0,124.0,9530.854783515799
2871.368578819715,0.0,124.0,9627.551631010509
2626.554434001072,557.7256645944591,124.0,9546.762963220355
5537.188336273782,8103.84380313487,124.0,10516.3934451744
8652.49651447602,31106.478112333833,124.0,11613.695325109802
9427.891062960296,41368.26498385761,124.0,11809.731736648564
11387.181917897853,16048.246180464637,38.0,6577.6147547362
8894.354986403387,4892.770607378024,31.0,5140.3902307512835
7023.97952881732,5153.770703881669,30.0,4454.484546088146
8993.738961213776,5401.039629615781,32.0,5267.526252936479
8597.356326143148,4807.911236898229,36.0,5430.045676956695
13598.061644675117,3206.2935841732346,35.0,7057.3818898559175
6742.085686596828,4453.401334043841,27.0,4162.468644330293
8005.639856331483,5990.459428832307,36.0,5204.796045336103
18593.496848816794,5740.988355217935,55.0,10085.098014639127
19617.51493080426,5125.583967133177,59.0,10733.38895730005
17873.31298562098,9943.93831392868,77.0,11410.478417830704
15280.67601166359,10212.215085449629,74.0,10675.48051778952
19200.35628488121,10495.159428245077,81.0,13169.351380241906
23507.86125902378,8376.533360199319,124.0,17945.512000560222
16600.43826848142,5654.062560814061,124.0,15531.204274594576
16816.97315149842,2811.846401152511,124.0,15186.722277039971
3615.229309024295,147.83229551439484,124.0,9915.852079850982
2878.2400948216864,0.0,124.0,9706.549112117296
5087.337114776669,351.91792552893355,124.0,10370.394367186147
2681.939843434964,0.0,124.0,9565.040148333539
2764.483809229325,118.1530276975284,124.0,9592.27965704568
2628.252531233854,2109.9386377484225,124.0,9561.840752023018
3358.845286807097,8202.539654690152,124.0,9836.81033369916
3441.062926625296,15666.556338121123,124.0,9815.55076578635
11995.348015512749,13933.080995461656,43.0,6968.464845119206
9826.989453733711,11370.69469686138,61.0,7552.663209719471
19878.464362014798,8446.671501518415,64.0,11153.087700695782
19542.03565763684,8373.922682581284,57.0,10534.334252332192
11097.33681259248,9000.968472879067,67.0,8409.290060179675
26287.928369893314,7864.432277607481,65.0,13332.455403633692
18909.980415970498,12835.47477739565,64.0,10816.426713341056
23423.455898963635,6689.414922723547,62.0,12185.305408607897
14522.809369378982,6656.838278878543,67.0,9571.684915099804
19135.724308134337,7759.628666368809,75.0,11665.23304460341
25549.6061584205,7116.8295793818315,75.0,13838.49016090901
19293.1068042769,12048.258162370572,80.0,12108.994634239036
15837.547667067267,9919.823169844909,84.0,11891.468351466176
30413.73978848908,7327.639624381811,124.0,20173.721052819783
27961.302963752725,6656.443232937406,124.0,19456.463216667347
18245.660327147325,3738.3315135992443,124.0,15513.7188848757
1849.040373040486,225.6636198326945,124.0,9300.62378065684
2677.629277273339,0.0,124.0,9614.369642419475
3157.5320041937553,165.8026190958296,124.0,9728.236754067964
4143.991410368213,954.0660339352364,124.0,10047.517165421512
2328.952918165473,758.5152660256872,124.0,9448.554462994609
3968.5267736916626,7527.110169670544,124.0,9993.454694182745
3470.9321663796454,14305.494265825675,124.0,9849.533389304854
7657.894701109157,17876.00433446746,124.0,11219.022836758291
7315.55554066359,16413.69469998479,44.0,5530.699457454635
10742.51942684293,9224.807849715526,61.0,7890.103907392881
17827.321833781287,11044.920666540913,64.0,10462.409402764726
18714.13697561012,7753.807624693278,50.0,9806.082854980328
14718.97563845694,12150.635707953385,61.0,9202.822150422993
23730.568972971047,10136.473968793638,56.0,11867.781308160747
14907.89260497663,9747.367134063134,55.0,8857.793857851551
6179.0949048402135,7695.712808023143,61.0,6401.697581939176
7974.922364361639,11842.808440460452,73.0,7804.706701444504
13775.22094926502,7763.7884166778995,76.0,9929.9688568144
21001.297286846442,8546.294108535227,82.0,12730.576527004152
16546.773216165875,13807.69012425374,83.0,11358.21961309198
19509.63601856474,10769.27146412308,77.0,12680.656391912618
23273.614111081995,9859.726290316321,124.0,17848.340234212585
23481.041734861443,6164.542443609237,124.0,17647.0531311935
14635.81507135588,4296.461053793443,124.0,14623.291560051777
1955.4444710036862,261.9090802586327,124.0,9374.764918577837
6901.234458176938,0.0,124.0,11035.80062081778
2824.0726028588247,634.0428839796533,124.0,9622.03889634391
3452.098299116094,0.0,124.0,9825.28725538439
3185.576757066902,320.61947572194043,124.0,9736.915802304567
3605.2617826161845,5964.423528400808,124.0,9907.000517954059
7842.916639043348,26501.34417083847,124.0,11278.210703713468
7840.19343108941,28061.011422412346,124.0,11304.192345054806
7845.514171123831,12664.436266545827,32.0,4866.956985991664
12282.456381582526,3652.044632068835,29.0,6106.048923211558
11222.944348577237,1960.9394772692897,26.0,5595.666273743666
5000.350021920702,3472.0723542318988,24.0,3356.1069688078746
14503.434041247368,3772.0633626522495,32.0,7047.656372453663
7676.496081528854,4074.2500684153283,28.0,4527.972441663464
10647.58198202864,4492.003586035779,25.0,5322.736284865684
8729.503676487873,6898.6600270607205,29.0,4949.708933566571
8255.245396722987,6942.220562496967,52.0,6398.576023969552
16433.899163727765,6116.080409659447,74.0,10687.080159695739
28824.13183762218,8411.851654014363,85.0,15548.823940594919
24229.945008387847,7723.043714313581,84.0,13985.025879360708
24661.66498168495,11321.848586644544,82.0,14738.600154678079
28418.68891863232,6276.100337245625,124.0,19434.52866858407
21174.811216139402,5716.024484904607,124.0,16815.90434228512
15388.4580974861,2486.1548017096397,124.0,14785.02252724027
1826.4992984484543,49.896572420870264,124.0,9290.950556416936
4587.2663022666875,0.0,124.0,10259.864181351939
3678.3009627668503,482.29713667457304,124.0,9907.55021127803
3629.0302111653214,134.61550631336868,124.0,9896.130002154803
2620.7927108449876,440.5286288249617,124.0,9569.860900938687
3108.0309130258247,9983.564794188178,124.0,9758.249540779017
4776.330817687675,24689.583048222223,124.0,10286.564128037444
7740.215314008042,27026.402559730777,124.0,11295.944484908423
6678.177592303877,11171.899127297107,39.0,5033.067798449563
8473.972958155746,7336.89410224315,29.0,4853.968610024126
12143.097274212323,3811.7476505070294,38.0,6729.082426102318
12060.346248302207,6897.8407736471545,37.0,6596.437975543358
12037.177324784481,6259.151737451367,41.0,6937.643611079665
7517.835819660115,6385.555756339306,34.0,4952.754250138685
12932.89797411794,6150.243343193331,32.0,6561.379361465159
13630.00584302209,8287.293658052635,40.0,7339.5571250206995
13482.01711378262,7851.781924615369,52.0,8106.819343978474
13728.746047043436,6766.029923679058,72.0,9643.762853375587
15639.899741115374,6892.913364527499,89.0,11485.850256869877
15430.560471133364,16423.103470532344,86.0,11210.480753432146
18215.424183227256,12751.465140114604,83.0,12734.457759253912
17213.539962877298,8275.648321054627,124.0,15793.91129456112
26773.00164032909,6639.725876216962,124.0,19060.50873579949
20018.108375107684,4426.4152395226065,124.0,16419.485097274122
1800.8562111705019,233.316967957591,124.0,9274.282549686268
2859.6920597346075,544.8260936296234,124.0,9704.247813656415
3791.759662822016,546.5881246568636,124.0,9961.331657653482
3297.304579772648,521.6941301482419,124.0,9804.887518624748
3259.2170104255074,408.77957578736044,124.0,9766.524301670986
3021.3893494065987,8323.442994916375,124.0,9787.564983737768
5143.913102385705,24680.035943979085,124.0,10508.604145734278
10438.73943529638,17728.428049720886,124.0,12231.348338898179
8184.449585634871,11515.518769515676,43.0,5780.364458904541
6031.388022339083,8488.404777258449,31.0,4193.784650520976
11245.466742580886,4136.463567407181,23.0,5364.4758213438745
9974.45359280469,4214.478646915406,18.0,4570.344592244472
8699.820397187206,4288.2499796771135,25.0,4663.170405735859
9823.350671753164,4134.139899240993,25.0,5058.234079830007
9994.748797230885,3943.6955658381185,24.0,5036.002749901305
9655.085980223292,3669.8392859321702,33.0,5551.1871289038745
10478.527636931298,8358.431693694243,52.0,7161.206624460919
10190.026925000844,3752.231174605775,69.0,8292.330633845626
16213.753413061639,8673.215886395861,77.0,10805.983348674166
13961.145473125596,11676.896997054233,87.0,10781.620587884148
28029.80335372265,9278.785232900644,90.0,16290.247245185357
24675.69447501326,8394.532577282564,124.0,18151.42697512766
19721.282650403242,6335.248473574656,124.0,16516.63127326285
20374.0477477872,4127.521487660333,124.0,16368.730226142436
1823.75839942002,771.3919684960196,124.0,9289.168972048454
6682.7442961615525,0.0,124.0,11007.052051220036
3311.0638430305867,0.0,124.0,9778.805483339782
3158.237800823816,100.54993073039998,124.0,9722.218474271858
3846.8081850772155,186.71419735215605,124.0,9966.118401463411
2982.8594118058486,8980.118249506379,124.0,9695.164489797979
3674.2679667448438,19911.456479388286,124.0,9995.080799160516
9011.08444242811,23603.27162344804,124.0,11710.963255007808
10003.413190410229,15168.73165086874,40.0,6154.1129293821405
10842.342613717236,4137.211219541107,27.0,5552.630954210003
8840.36451760751,3606.6413407489654,25.0,4723.114566645563
3917.5115563110166,6481.7484637043135,28.0,3277.1208433302927
7715.697933310132,6736.545789370314,37.0,5172.142234655612
11595.981696105677,4416.084724280734,33.0,6164.410489180535
14333.053533855229,4554.014513486003,29.0,6783.357056268383
12846.917465800872,4701.158855026527,36.0,6793.758556968674
15291.601097631377,8232.833185853995,55.0,8917.546463399596
18853.183236630237,4422.173817967624,77.0,11693.60826556701
19386.19562053419,7740.605470691125,86.0,12558.672364123076
11090.188030530326,10518.341640993889,88.0,9880.898429299747
28963.0057240408,13305.466086762646,77.0,15586.671857305084
22699.163520819224,7910.489120254852,124.0,17589.89384223098
21536.44854662813,4834.8838060060525,124.0,17064.849065707447
16640.09186802955,2669.388597619409,124.0,15003.015276485869
1892.356220467335,0.0,124.0,9333.75755572921
3281.7545192208713,0.0,124.0,9891.036316805774
3209.242775308469,0.0,124.0,9739.050115851798
3938.4188801511887,364.0720338548844,124.0,9994.2024653575
3291.7455484309658,50.071757877059284,124.0,9788.631207995133
2914.5518533115373,4848.799428656325,124.0,9641.802111592808
6711.240142678443,28715.001229337973,124.0,11019.501325045743
6178.142814415644,44482.32830012607,124.0,10808.12020925681
10619.9322197428,14755.06457070472,45.0,6761.563812803155
14692.938553942484,6095.166053695853,37.0,7524.618776342069
10918.960434199133,3313.6267905391137,29.0,5729.272819909931
9644.786088767047,5179.971158429979,32.0,5533.089780928953
7105.094576573043,5744.201030707298,37.0,4996.659442519218
8369.367124815537,5081.71033730718,30.0,4896.138070747023
11295.406510527104,7948.560169308385,37.0,6367.605328111822
14707.544106744237,5417.325038340998,47.0,8172.415241171173
10974.483697678497,9545.685577338376,60.0,7913.3426828080355
16483.47854329933,7124.557584561407,68.0,10291.584268923805
22637.880774127,6206.685343197111,76.0,12874.88986074455
15971.023151093941,12241.508941930408,73.0,10453.473021473948
20285.571640156453,11675.576924707677,72.0,12392.650703100593
24925.462620604714,9060.68032719971,124.0,18224.81586921289
21114.172926139767,6679.302740791627,124.0,16792.84547344441
15612.26603114997,2705.2822731720285,124.0,14622.507174565691
1849.8089786643723,0.0,124.0,9300.800731337711
2727.9186277230065,0.0,124.0,9586.074361104857
3246.7090747150655,386.80920461950205,124.0,9751.413994655974
2855.6925310817096,0.0,124.0,9622.378535256967
2677.2353062456364,1067.2653281291946,124.0,9563.487651061061
2381.8190926714415,5105.120491937361,124.0,9476.702633416659
2751.129457517512,10018.198631740237,124.0,9631.293638873483
7828.929822232462,20052.633023308907,124.0,11269.922591273871
6569.557426884964,17963.054407565043,51.0,5789.482267515043
13335.726029447753,8593.53667492612,67.0,9128.36257555344
18459.63346347857,5225.713168951185,62.0,10516.301316959998
6908.292427535568,8059.962793371144,50.0,5827.942308815925
17833.109293672424,6045.853294172944,51.0,9547.219993857914
15899.512019404061,4052.4601030172157,52.0,8933.45643984743
17964.050647247306,11183.914947209756,56.0,9905.312334422864
18143.071613913864,6258.542780189528,50.0,9587.365262482555
15500.296437395311,6230.256604942308,57.0,9171.196053573918
12329.213377482969,5757.379311722518,71.0,9136.009718710962
16146.856152461907,5912.273558169913,72.0,10493.146256301736
17010.411382481372,10383.12743511473,78.0,11185.269144810556
13973.279200519004,9811.531631166983,78.0,10925.017360474578
26402.754508099133,5263.485347739359,124.0,18579.49306020097
23051.177170245388,5848.26579298557,124.0,17569.54248653267
15762.38170539873,3150.775063753252,124.0,14489.483944733676
1808.057313350983,683.230954078585,124.0,9278.963266103581
3487.43369997163,0.0,124.0,9947.285553257407
3594.5916014552918,0.0,124.0,9866.215228480249
3633.6923487772733,417.84311013525974,124.0,9900.08029931364
3774.4318173658744,1516.5503091292458,124.0,9950.408989635576
5039.72080884493,3134.6868048300353,124.0,10349.973656547158
3129.7640073410835,9127.331467360942,124.0,9746.358000960223
6084.008409050846,12069.15661507845,124.0,10696.864912655783
5010.596972011213,15245.278594866271,41.0,4527.203248192829
13310.739775985268,9127.91484798286,53.0,8139.912677288717
16781.42035774115,7766.591730135305,50.0,9115.162500713559
14825.680963203338,6247.536374901608,47.0,8244.669620461533
16946.973451130398,11140.490142824317,56.0,9588.640740785702
10996.408754858709,8265.802986849285,55.0,7573.347151061797
15077.776961545713,8776.677032372605,62.0,9388.837748585123
13361.765178100102,6784.30930181667,61.0,8766.055673013047
9174.443482087585,12435.034691661906,75.0,8362.32701566086
14708.220192225848,7802.085364664222,86.0,10917.57386873516
10080.630493698956,6732.928818250385,83.0,9265.456132138204
12024.57804545385,10443.27978550183,95.0,10724.5053949655
24405.18895959868,12773.752794875205,94.0,15483.516489846894
24292.67576978459,8187.3771107691655,124.0,18272.180259144076
21717.04784045141,6577.946026582706,124.0,17465.726613030198
14028.040551761867,6542.283142463739,124.0,14288.859804408408
1800.8562111705019,541.6179810811454,124.0,9274.282549686268
3327.3261979342383,0.0,124.0,9824.24102047843
3150.4860987595885,347.3745693956812,124.0,9724.704479120152
2592.462164382608,0.0,124.0,9535.512514246264
4262.079860133422,349.6546252737443,124.0,10086.48635384403
4152.40298736248,15609.147317700708,124.0,10107.200144951916
6446.773675399963,26395.30971516539,124.0,10965.27742151191
9378.940651335575,27701.983305356025,124.0,11858.527026238151
17296.112069648785,12696.033959532528,30.0,7852.854961814263
6904.102904924349,6312.552234936815,28.0,4257.962429277388
9815.557663239193,4845.362875921342,26.0,5077.161761224715
9475.086720398014,5163.426868257982,26.0,4969.61307426972
11940.672929258353,3380.440054069087,31.0,6161.698767575981
12801.304621772158,4615.475222613848,35.0,6735.542439268865
8591.625817053151,4638.49877305006,35.0,5312.610200239304
8476.110536786045,6959.990574242113,48.0,6214.143302574313
18604.628038326526,6636.253678260619,55.0,10073.872808655145
17062.722215200738,6433.015311323044,74.0,10907.153962089145
10490.550318060237,5533.491381552505,81.0,9262.117789166747
21935.30148140651,15227.344241269984,84.0,13825.202433289547
26087.548347880514,14180.131144322022,77.0,15357.384326154208
26354.260800704636,5108.367158323154,124.0,18860.531623832616
18518.434933182416,5140.5389366030695,124.0,16100.0334309496
19317.57142949159,2820.660227675984,124.0,16065.746076425727
1828.743865409247,256.0664047006518,124.0,9292.409524941451
4154.77203953448,0.0,124.0,10104.295518107274
3367.373262521743,875.7339489202326,124.0,9812.83075788809
3670.907266336153,278.95229115014274,124.0,9959.520473028824
3889.938783233945,209.19325889448322,124.0,9972.538909890432
3086.3467076070147,9159.588190236189,124.0,9702.74303355742
4235.023110559699,32853.4550632881,124.0,10081.806246531805
8190.192777794901,28919.10530414637,124.0,11503.091422723239
15645.14115686897,12997.13520563791,42.0,8194.29220960708
7289.528172491076,6572.191720410435,34.0,4844.7350346150015
10669.91672265714,4837.138943418922,27.0,5450.845889919344
11299.86873838287,4045.3297025657566,24.0,5430.476931698774
9695.82724810915,6719.595506956304,26.0,5044.605377941448
8801.646190654574,5443.070603548612,28.0,4947.603722310233
10102.65740523914,4701.226168723653,28.0,5308.197091138118
5452.714435925317,6850.3874746058755,35.0,4329.936705378968
12078.757532483318,6303.989374089426,47.0,7326.893287466207
14280.609534493313,6507.287780436625,68.0,9516.674514783988
18882.147949197864,6283.648252561998,78.0,11773.036817211165
11579.554013482475,9452.257817274705,85.0,9840.798141875188
21526.020023704838,10323.48519770745,88.0,14458.366054827291
22931.3249095577,6479.042359877501,124.0,17874.60781637181
23698.997403189354,6131.51792899873,124.0,17985.509344486207
12242.992692276084,2815.9348827320455,124.0,13828.937619578934
1819.4567271438912,405.7650303213547,124.0,9286.372885068971
7834.52986130606,0.0,124.0,11371.332912807295
3366.6339561436357,0.0,124.0,9790.989205527403
2723.142725126396,244.44625271155186,124.0,9578.637099291711
2924.921015757096,477.00490654918053,124.0,9666.18979327628
3140.778411112438,7787.029139777334,124.0,9790.70003716162
5287.464185416622,26922.790041369513,124.0,10434.801507245464
11174.516726759917,32168.28867499809,124.0,12402.801522998625
10502.122891993371,13855.325923992816,42.0,6465.443554266644
6109.997766826003,5800.116138208534,19.0,3437.323589146701
8815.292235336878,3316.647093249112,24.0,4632.689404686867
9864.56802390073,4112.821582061549,24.0,4954.373654813127
4156.126357471206,6289.526704277905,25.0,3164.2259228534317
6163.121745654335,2756.7623190139734,22.0,3619.5120178833936
7737.405073107612,3374.460181820269,25.0,4330.5070788318135
14441.623935634223,4838.0571790340055,36.0,7342.1836975802835
14350.959811050032,6927.106418618126,59.0,8928.760048711003
15568.035394555924,6064.08188466473,73.0,10308.747071083777
13817.440702603897,9024.055431490204,82.0,10405.77249903925
10686.994830888407,9632.446747547141,81.0,9277.97369306031
22383.117408488284,11092.931279984115,83.0,13889.61265705042
21336.25726259119,6387.6277749506135,124.0,16860.330456405653
12126.504718813781,5566.6181163591655,124.0,13858.46158749092
13501.13342967315,3447.381013841679,124.0,13787.838851140801
1824.0949572846607,40.53981257689495,124.0,9289.387734660471
3087.958924810907,0.0,124.0,9723.41364691505
2888.526722258625,0.0,124.0,9651.375829856626
2940.9550981746042,16.693444460009538,124.0,9650.515182397621
2591.0308552105776,0.0,124.0,9535.040182219493
2905.3452777368175,7387.391214830181,124.0,9644.306070271461
4791.141775639178,19976.953841143102,124.0,10265.327285919035
9047.144794612996,26564.740531490304,124.0,11682.873068740726
11897.462544165377,12371.523985549498,33.0,6276.627657718118
8152.1087209230745,6156.136922268259,29.0,4747.654423046037
6137.698471069812,6431.347231317126,32.0,4297.463151068239
8979.999644964808,4992.7617995898545,27.0,4886.571433582919
8368.588346574617,5337.802860509605,27.0,4684.775828076684
7063.7099333566475,4467.047166430268,32.0,4613.475651733663
9567.806213586275,5985.10697155719,24.0,4880.620791626969
8486.145665937658,5811.850687000775,31.0,5001.908501329122
10798.846753820359,8874.102233325382,46.0,6800.345917414113
15913.31019839049,5929.54362005405,71.0,10264.480608538672
21473.77373575203,5425.0649739335595,85.0,13147.301406918441
17327.93088011538,9472.166677516389,82.0,11600.989605046901
18832.50204524001,14615.10307313216,86.0,13039.968875389537
19121.74841415395,7922.767344185089,124.0,16340.301083266986
18549.793554874694,5331.937077628076,124.0,16098.208086449069
19110.521035925034,2701.901409166865,124.0,15903.897939507517
1800.8562111705019,0.0,124.0,9274.282549686268
4519.8988624102985,0.0,124.0,10277.542036336417
2396.0574858331697,0.0,124.0,9470.698970324947
3285.3826723793195,5.389293536792199,124.0,9770.019081136981
3412.4805147803067,0.0,124.0,9806.118569877504
4410.845211817553,6901.239962369638,124.0,10143.962066652382
3143.976151181379,19570.437208483676,124.0,9717.512129889858
5341.564813982685,36918.44623309026,124.0,10472.833394206784
13679.07363592646,13946.806890592541,44.0,7651.370829593932
16489.99395469493,4905.900401623672,36.0,7997.535799207825
10169.20932095519,3103.83920534489,24.0,5083.786391434474
8846.883198132058,3557.2093381634604,28.0,4916.381697742737
6751.041873724405,4547.006358595006,32.0,4477.865028643062
8023.148701387503,4699.11237576815,39.0,5418.210097589904
13025.860263260807,5523.53892871396,40.0,7158.4401527210985
9857.12535852621,7626.162536891487,50.0,6784.372243351938
21742.53282799475,7589.19371437778,55.0,11056.04882392267
18868.844763948844,5631.678253074176,72.0,11319.460392556563
15281.235080823759,6228.053429069308,82.0,10858.272475293908
16105.586718452756,9465.086939250803,79.0,10930.109528420835
22573.469416843505,10444.23522577025,80.0,13724.696988757316
20009.190402211756,6914.653169038769,124.0,16405.70022708404
28158.176493069543,4819.984144241797,124.0,19405.126730857497
15677.02463355075,2693.9486482781663,124.0,14658.757924705547
1848.6300320074768,415.9562361082683,124.0,9305.3355332303
3035.5695977092246,0.0,124.0,9720.54369672025
3350.09846057937,0.0,124.0,9812.699136172438
3043.500428118444,0.0,124.0,9699.577396307968
3744.4314422584016,210.06992783596118,124.0,9915.662375945272
3135.745985500119,2076.2997508452586,124.0,9714.796175215042
2986.288476219116,13282.781178805233,124.0,9665.475197152311
4103.068648151395,16559.804112082657,124.0,10037.13647924262
8165.069955116149,14424.33735965304,39.0,5450.273418811436
7996.816386249365,6734.446391943967,54.0,6492.634618110124
10529.905543494144,6588.812481068075,62.0,7870.238046795875
17598.649718625966,4421.980601686861,58.0,9954.914518365402
17861.63828521692,6771.53598994892,58.0,10095.917282552153
15740.457828232895,4249.086030437673,54.0,9050.083976764903
11315.903192560625,6519.672140869561,53.0,7496.777703673145
9399.758040502642,6213.39267165127,57.0,7204.77166353509
10219.876124965662,6139.695780790846,68.0,8283.142143631958
17267.308599286633,4895.792913808115,73.0,10893.972423226325
26660.95081819637,6861.205098315143,74.0,14096.215554882854
19990.983872187157,10828.138154480917,80.0,12314.04242101014
17891.19138177058,13661.331480311168,80.0,12105.35397679241
25658.748282024866,7332.712578596795,124.0,18452.452190417054
30495.344190409327,6230.747320434699,124.0,19992.87991427312
14058.365445521358,3391.0263216271373,124.0,14100.825118311108
1833.2779201316775,217.04035251500704,124.0,9295.356660511032
2910.8135976292697,0.0,124.0,9666.632165980733
3814.2420166981274,223.47299196086823,124.0,9938.699865510383
2778.495775531888,269.56161382248007,124.0,9649.410408459731
2883.3764810367807,310.2224339719861,124.0,9631.51423874214
3797.921417422591,4691.432669907435,124.0,9947.066691654303
2981.8389383681247,10533.749619477676,124.0,9671.338962089212
8350.374149581208,20433.781779882745,124.0,11436.579831852374
9298.898199665295,20565.77259621341,47.0,6414.120183847898
12161.688751373882,12227.26549902875,65.0,8592.483142107294
7504.0149321732615,10303.967836717204,65.0,7072.546984869374
12650.550415235926,10577.774286669493,62.0,8646.518985049248
13748.035082957862,9975.432671103814,70.0,9547.115157064703
8950.187269559128,9229.014009559838,55.0,6878.271989113464
17965.355109884673,8583.653138432217,54.0,9784.5838759543
13904.162580992579,7966.412374752948,55.0,8514.228546932101
15115.702602095573,10630.79319964287,62.0,9396.732548329008
17971.023159245502,6596.434704153363,80.0,11606.716788549496
20637.716225883127,6462.571462656992,88.0,13097.945108124626
20634.27447575362,11275.539642355592,88.0,13150.922347861258
20158.138317542092,12299.16096276902,89.0,13501.474166125961
13448.33161246961,6184.480192909017,124.0,14256.228588267826
27694.661659721307,5503.791112583254,124.0,19030.9336067151
18860.34576463279,3327.9054151259365,124.0,15629.518150334037
3972.216192554966,320.0922577838103,124.0,10001.219435594134
4620.563611581797,0.0,124.0,10288.694612631994
2829.4111167050546,74.92238608816017,124.0,9613.70566851267
3353.753840929138,88.95343585076431,124.0,9824.973220268297
3175.0121143764877,595.8120689896245,124.0,9727.753997744243
3192.1914836020865,9105.946145987882,124.0,9789.904409388577
5514.15884629514,23474.178043578573,124.0,10674.751596643517
11840.96723088828,31142.57157158714,124.0,12696.243864269145
8584.015613692995,13987.720403475254,48.0,6263.868725057667
11086.292569299248,6488.70175043475,47.0,6995.478379153506
13353.303908979839,5127.499614838573,34.0,6840.219147290255
10583.468178813173,2944.6106088045367,29.0,5588.996113205957
8451.92658813244,5581.050451365238,31.0,5069.163800455294
9645.77288089295,3253.350082972646,27.0,5133.022505467773
5336.917411469885,4440.4129115582755,24.0,3473.353589024313
8032.941076111927,4873.444969846494,30.0,4792.352507233152
8391.269075877952,7012.674820998186,45.0,5950.841426681889
12769.313225793047,6890.620460985165,52.0,7895.494351816291
20040.89598446848,6176.685805544878,67.0,11397.515598155785
16751.22625670153,10979.267339640048,70.0,10515.868688886261
16653.61094405757,12693.454842471767,74.0,11203.44870793977
23919.359358307087,7073.204216581273,124.0,17823.33683626693
23165.323173436514,5266.836379548907,124.0,17823.438870793536
17786.27125319159,2437.5376850034418,124.0,15283.179874286987
1813.7337987850551,332.5796998698264,124.0,9282.652981635727
4017.4906274634423,0.0,124.0,10053.049201145095
3602.391300102762,284.4096886572118,124.0,9875.518618314392
5765.672661907259,877.8258087692782,124.0,10676.904934092325
2449.4954736852865,133.03309347170097,124.0,9488.333506316147
3026.020473413319,9716.587116609948,124.0,9716.090082742328
4187.227874416711,19816.19908484084,124.0,10163.162966623013
5343.369666755007,30854.84144136589,124.0,10479.974840884242
14180.407972809353,13274.61471544535,51.0,8317.822740044341
13338.42543243632,7543.07921242391,35.0,6908.746054874304
13718.219541802458,5480.942268387726,28.0,6518.213650959775
11687.700941833453,5569.915106598661,27.0,5801.906208651019
11774.70340589522,5099.519629436608,30.0,6035.242931959613
17539.263339757268,3570.862442777617,33.0,8192.694258426623
13248.57397703181,6219.220949745488,30.0,6543.13882061311
12220.243875975297,9884.391623272373,47.0,7370.112333062922
9406.503116369438,6163.011320820451,55.0,7038.00319743678
18354.252373981733,4973.575030709679,66.0,10722.861335946896
15629.38707334783,8497.700576792968,79.0,10765.478889218559
24460.3222096667,11457.440981006122,80.0,13871.705875724378
21142.803004117293,9939.08041372684,78.0,13050.89190300352
21283.385114631015,6380.457019006646,124.0,17181.561026647774
26911.139202567523,5426.257038957004,124.0,19085.450175061997
21854.398429961926,3244.3697236477087,124.0,16687.98400283691
1800.8562111705019,0.0,124.0,9274.282549686268
2785.1792459315407,338.8573476837327,124.0,9735.510089457523
3177.677683163334,474.45535913569233,124.0,9728.6336354439
3409.6141262048413,702.6707968489577,124.0,9831.849696326963
3150.4829999411704,127.41095887236297,124.0,9719.659389980587
3196.2411926483437,9548.521051289765,124.0,9768.008366788099
4573.446233874148,25225.23486769988,124.0,10296.701835455591
8031.335931877163,27676.622482884675,124.0,11421.796352402995
11693.922811081276,11593.504250636512,44.0,6989.7630146778765
12786.199400034997,7873.187434476118,35.0,6707.220991718278
6003.759644768462,4461.480438788483,24.0,3700.2341028068395
10071.384389770192,4508.474109961839,22.0,4893.767222457128
7786.417492212985,6829.136224115206,25.0,4332.228330177249
12027.105343606881,2343.0121679337076,25.0,5744.752199018366
7017.690476385998,4723.096560606422,22.0,3885.59237746418
7169.812712042505,6329.121802014361,37.0,4981.842338678741
9567.476750951726,9787.662906531803,54.0,6977.255092192344
11284.32455553088,4334.062045789448,67.0,8508.250637454872
12486.408602574144,5297.567286439612,85.0,10150.24546438985
9669.88115170382,9789.994926499574,79.0,8930.279604984735
19973.79430230534,13132.902246996882,78.0,13244.493746141326
23047.614779138745,6963.103145989961,124.0,17768.128155386
37686.696959281915,4105.821543264948,124.0,22460.254869686258
17036.023537495963,3457.1900084060308,124.0,15175.600166823715
1800.8562111705019,512.6601045815895,124.0,9274.282549686268
4434.132665216878,0.0,124.0,10258.883911519273
3155.8323897240166,0.0,124.0,9721.424688608926
3483.6055003045853,0.0,124.0,9858.509648453388
3301.307273793604,546.27176276731,124.0,9769.431400351892
4387.585812967687,14804.03276408569,124.0,10173.833168287283
3525.829023366759,26543.43703476296,124.0,9918.112972755736
6921.117691264793,23142.932394662737,124.0,11024.36606271499
7658.234448143816,12385.761555770656,37.0,5206.370826651476
17084.77564931915,7981.607396622312,36.0,8176.461213190174
12803.481238209963,7442.661969395726,39.0,6978.243280150765
13432.125805706088,7045.507463572921,31.0,6681.291646449465
6693.206360275525,6737.291876972778,37.0,4831.108759700643
11487.579197587724,5085.387706361027,32.0,6072.297680912834
10554.719281558688,3483.403297950327,31.0,5719.183171617102
10708.750465688425,6490.667920602112,40.0,6364.3172804292335
11784.883119176491,8019.1016193174455,63.0,8393.214724418289
20937.9251654843,8422.269893242421,79.0,12501.417871650812
17266.889099206,6187.758051652957,85.0,11737.360057790449
18742.854574213703,11503.447099645557,77.0,11702.34066148315
29244.493295574317,11706.686705946611,79.0,16316.982069072807
26575.618277824015,6604.482548742619,124.0,18977.99888318657
21390.918146071792,4829.720576096512,124.0,17159.73811148503
12664.919993110827,2558.723051314863,124.0,13672.775512153858
1800.8562111705019,0.0,124.0,9274.282549686268
5030.3693179331485,0.0,124.0,10440.781182911729
3571.9312882567087,0.0,124.0,9858.737325124717
3502.6043543300602,0.0,124.0,9843.08939526714
3086.7274442371145,582.5908890039349,124.0,9722.069282365588
3587.1670139808443,12052.649270237735,124.0,9919.931452815392
3710.430707167335,29090.083280624203,124.0,10008.822568642838
8293.004845877584,40880.94061396823,124.0,11479.669902298792
12814.862381012164,16972.66360930472,38.0,6973.275801740532
10383.904452992909,7478.604920943018,37.0,6103.777890169758
12891.49296402725,2848.587437721714,33.0,6586.428384135968
10214.548717950105,4777.908945286709,30.0,5542.685469131844
7632.507705267015,5569.79743000089,38.0,5241.344592094849
10199.30838815843,3798.24170427608,33.0,5743.103836896073
7516.450267553443,6659.000429777304,30.0,4661.901859070446
7439.419910496967,5572.879898103265,39.0,5233.198013520884
15651.949641537281,6881.946215774863,59.0,9356.907482148647
11446.982812726204,7145.486160953716,60.0,8084.4277442788525
17503.913175836526,6611.339653493279,69.0,10662.156778862944
13901.326765602145,12304.533656834745,83.0,10458.68007089944
21019.051423195786,11769.691747304238,91.0,13832.74599806287
17294.47929000155,7357.90421204362,124.0,15682.942811484749
25132.836224553877,8889.753634848073,124.0,18153.05077713482
25860.79092936151,3919.087192261468,124.0,18207.71981780555
1847.155280351224,384.8091875743121,124.0,9304.376944653737
4992.934782841792,28.11833650022745,124.0,10426.192978491497
2161.9190400999587,300.58295906273025,124.0,9393.43328323299
3296.918454512209,8.79322207259635,124.0,9767.983089989033
5258.790891802117,241.30703485185902,124.0,10428.448641462313
2938.562945279524,3950.5313487760723,124.0,9649.725771942245
3059.295327767374,4502.826365668948,124.0,9695.492458442119
6627.793915316299,17779.361601924084,124.0,10881.990772046722
8741.747136827415,19202.90699470583,45.0,6091.869681079032
11201.294485036604,8825.532647416803,56.0,7711.518291372475
14084.21638833151,5119.54736071229,51.0,8363.17943447918
17957.004079978276,4237.252087962503,51.0,9606.02845275395
7312.245619510126,8478.202942322567,51.0,6082.066626506168
19443.84794985232,6370.478493632563,49.0,9910.174759423458
17709.838494585823,7291.147380598758,52.0,9552.617535632484
12280.548328174153,6817.280604583583,49.0,7528.712369512377
13513.737924902527,5463.55280836684,61.0,8818.660617670226
11801.88830632411,6582.267378607639,73.0,9147.09575385109
11523.487456668365,5892.886614468818,81.0,9606.04724114616
28085.718270112946,10496.875165401338,84.0,15291.821659862644
24491.8464122699,11395.759393504633,83.0,14454.181511448449
23432.787875007478,7828.357575164548,124.0,17596.728459714388
28295.72062689059,5561.053392519057,124.0,19239.70756896256
23990.515886552028,3934.677896909975,124.0,17571.58515874727
1980.2027495018522,1141.5407379010073,124.0,9380.992479743727
6315.822170603926,0.0,124.0,10933.078825993069
2459.473194800365,0.0,124.0,9491.62615428412
2890.5267154642247,5.366460676367084,124.0,9633.873816103194
3765.339387940867,409.3133723665029,124.0,9932.985643629328
3768.138187573926,7152.791869930922,124.0,9945.148170147568
3106.7142163152985,14836.394929602682,124.0,9711.739514967854
5368.080257524087,19538.0224589572,124.0,10477.014006413896
12105.495585046292,15723.858800875272,58.0,8118.751100416995
9496.247891632343,13642.081961229318,66.0,7800.131210114016
18113.601013344953,9476.829167859814,70.0,10902.409544554836
15901.171718484802,13775.878366102772,71.0,10330.47832743178
18300.341122867765,12191.406338303603,67.0,10836.578457911819
16300.578716244147,9467.698123663602,63.0,9913.722234890047
14948.288493849264,7344.804778021946,53.0,8792.933749400814
10188.692441971145,7360.607169851473,51.0,7028.373452768594
18729.41814953899,8282.252978486877,69.0,11108.607461096704
16437.63314480002,5909.345500979386,80.0,11099.556350783107
25894.618706239864,4959.93734137329,82.0,14378.82029417681
10894.525945757547,11968.887217662112,86.0,9772.504505141813
21722.718547846707,11351.842675800497,91.0,14102.490692425352
17244.023571725505,8449.681626445987,124.0,15803.04830960513
25509.997876062767,4173.935389955837,124.0,18341.21337248911
24054.302949168785,3089.7586683540917,124.0,17898.70095333469
1873.721284158494,429.7979647843788,124.0,9321.644847128462
6211.885611292711,0.0,124.0,10798.509519811481
3007.147505248323,0.0,124.0,9672.358676731948
2026.7529684866424,759.8432817233727,124.0,9353.613144054689
2998.4253666840227,541.3206138685346,124.0,9671.28558502641
2890.272528586465,6495.669190709168,124.0,9651.550080578509
6013.369867917174,13879.477856333679,124.0,10684.316837884577
4322.075123187614,22050.332638111893,124.0,10137.407917973182
11392.746801358404,12015.979343971238,38.0,6468.337679457858
11775.727684513133,7561.445399247357,29.0,5965.627530621144
10075.597333396605,2985.3451508884627,26.0,5156.886691718377
11293.876172998906,4734.053596537002,23.0,5362.335323913658
9316.3408051609,6575.3578951469335,25.0,4848.096344454037
11267.172446160486,4290.561392108911,34.0,6128.90220193497
8276.278239639554,5170.8217779957995,32.0,5032.065933147039
12293.699122740043,7398.955055794431,39.0,6881.79290551326
8328.517428331728,8346.200473860714,51.0,6429.366558378802
16433.109134392893,8051.779114367999,68.0,10309.344310140194
23824.22139795134,8309.459152195044,77.0,13360.559923634866
26253.7110000921,10961.441637549053,81.0,14489.759398367414
27890.026021759943,9834.460225569394,81.0,15372.869279698754
28808.79412471619,7852.794773881076,124.0,19522.040282314356
24524.158692550947,6758.040477922435,124.0,17967.390681972014
17374.645699185974,2761.480467116212,124.0,15186.955603654696
1932.769899255998,130.3214989302059,124.0,9360.02644694184
3108.5827944397774,0.0,124.0,9720.98469181335
3874.2107111796327,518.9002663201342,124.0,9985.601392285258
3187.601941503053,1051.6531528166183,124.0,9773.522189564255
2786.6270060653646,173.27106646945077,124.0,9599.58691200157
3132.739716190848,11159.964290561962,124.0,9782.856199470998
6243.25713194369,24700.71041495925,124.0,10787.841253863948
6355.268081928196,26308.59632118878,124.0,10797.208256228314
15167.388733013791,12308.14576271338,38.0,7721.8148828348785
9376.55670750958,8150.104162366935,35.0,5578.04092941258
6700.743118059202,3580.1021238623184,30.0,4398.319747111667
10937.770511602332,6718.173045881031,35.0,6163.132614612445
13866.930289719225,8127.6334597492605,41.0,7520.582251386748
11770.112546261525,6693.572586579746,38.0,6624.813421153341
14684.040057882215,3861.5045086065306,29.0,6912.810795975309
11851.942099012738,6926.5595025504,39.0,6709.993466178677
11020.37510257215,7597.6672164438305,62.0,8022.245335167731
13377.549761919498,7487.716823140471,80.0,10101.582911559448
16684.549152722775,4131.008893513369,80.0,11200.659882638505
18034.68367109056,10320.216339365767,81.0,11738.279334345058
19002.909360848884,10000.265878362456,82.0,12503.081816253816
17939.162796297467,7279.909214604149,124.0,15804.64755593681
26087.55138656441,7199.1485337475315,124.0,18734.202165230367
28360.66261412731,2206.0436547974123,124.0,19109.085571888278
1866.3041080415396,248.50834793262183,124.0,9316.823682652443
4509.101596450921,0.0,124.0,10256.9155395133
3034.7689277654936,0.0,124.0,9681.473746162615
3698.497685487326,154.81678809536,124.0,9911.377275517163
2949.8826349854494,298.9542641350379,124.0,9657.180457008544
2840.3147169163453,10551.783808581158,124.0,9629.891868649238
9048.992122131582,28316.971493669593,124.0,11690.384078882367
9662.452311815421,29217.676476583878,124.0,11937.76714467009
18559.397717935008,13996.459357726202,34.0,8605.9477150531
6722.2161658863115,5529.789179419043,28.0,4276.524157672411
10325.667616660687,3870.619100756199,28.0,5399.583452935543
11148.453187467694,5250.699222173231,27.0,5589.482099376068
9279.473392954702,8340.743641684638,30.0,5234.564149266907
14626.168423230669,2764.6353948920964,26.0,6678.775118026243
9436.987718001043,4896.322982119645,26.0,4962.730724956955
6335.636311423693,4827.887208533908,28.0,4078.267602299548
13971.816266065001,6772.498996246296,59.0,8797.864041768165
12507.99912595534,6873.001472010586,76.0,9590.9492482918
11710.343357847867,6031.062051770402,77.0,9369.800884158381
13087.746709126954,9212.199727689038,75.0,9754.748499372321
23329.44498048169,8761.79656812257,80.0,14376.929709636292
26602.577345994803,8037.128078890344,124.0,19064.764316748027
27509.63954991282,3766.3916100359834,124.0,19122.68978950198
8120.051642791587,3149.4009539483736,124.0,11963.936607475127
1889.9984939344697,260.9273069866002,124.0,9332.225033482846
2800.9011549706916,229.90066435672344,124.0,9675.653051121333
3087.1214445909613,0.0,124.0,9698.75007671502
3128.227585431165,252.82188914629322,124.0,9729.24514951472
2700.3701567265493,235.934839149192,124.0,9571.122151719765
2898.4245538970417,7432.985320792348,124.0,9652.378126521167
5728.303016303487,18370.843294240163,124.0,10679.122888397522
7116.681543954041,25206.10574210255,124.0,11119.887305615865
10561.223759051058,13193.823244420624,41.0,6432.900861263252
9020.616790649841,5507.854287223951,34.0,5413.666810420824
6267.718356466697,5372.710392442533,36.0,4674.554420911565
6158.070833023223,6064.800587430162,38.0,4735.074796894736
8625.730266462338,6442.361839097429,36.0,5379.440366385179
9915.061851766885,4478.284883456863,28.0,5241.739997811231
9067.770630739942,6164.544096352782,38.0,5679.316061430382
8772.01036646141,8113.485050170497,44.0,6001.940117953205
14711.954735539173,6623.923681586545,56.0,8836.542638028572
18037.90108176134,5558.713255609199,68.0,10766.733630787921
22970.08369602504,9107.157098080283,81.0,13290.630775412164
19722.21494760794,12088.12974928338,82.0,12323.64967291854
14663.108570870621,10098.232682803586,82.0,11020.01680854695
30904.37690605124,6818.125700471675,124.0,20178.98487701314
17824.626757780152,7515.345362475703,124.0,16047.18744631002
25815.09121348487,2339.7109221576407,124.0,18379.33478514147
1803.9421488157532,65.27290717388193,124.0,9276.28840915568
4080.41233104528,0.0,124.0,10093.75135620811
3217.8224958345036,0.0,124.0,9741.881423625386
2646.6951205670425,261.07497253480057,124.0,9553.409389787126
6402.392050745092,521.0791357570638,124.0,10807.483827509595
2958.2400018107655,3500.6617943524698,124.0,9672.11928555621
3430.1352639355114,25903.969445176426,124.0,9822.03277015769
8885.361094399485,38547.21861074897,124.0,11636.495040105223
16963.60847757195,20484.066838623334,43.0,8720.238166815212
11869.63671428647,6252.7085906546545,37.0,6561.695534639959
16648.71140035783,3806.2913023129104,37.0,8166.415852092869
6961.441901306584,3929.9197064163163,29.0,4361.011275841743
8458.47588469259,5882.099914781625,36.0,5373.158137948439
4909.852724534431,5573.752267539999,30.0,3774.5230724489716
12011.491813843733,6492.057726803609,28.0,5977.654319305996
9663.668760521869,4663.184306122735,38.0,5875.434250968724
7400.496329337432,6911.018048859015,68.0,7232.776206455575
25587.976691701995,6922.160672818932,79.0,14050.382346449145
19525.932044038247,8706.099342111002,87.0,12605.4402078748
23392.96508359334,8999.424281873555,87.0,13971.581740869278
24786.1323268504,14024.825648273218,87.0,15478.078497659088
27051.07172941045,7264.752839125694,124.0,19162.37269559331
19833.75592084436,7246.718790012848,124.0,16506.185797926617
13625.145086042116,3495.053741331957,124.0,13962.998408852742
1825.6907445203328,0.0,124.0,9290.424996363658
3743.296636055086,246.01519380857548,124.0,10009.557839854575
3689.071055269655,517.6106067139656,124.0,9908.497105551776
3798.061899368798,1.686064050719142,124.0,9963.681543237382
3066.6531346232955,321.7157823594908,124.0,9691.99553442569
2847.7702861804178,6552.159648388376,124.0,9661.311745717325
2940.6899565847666,18412.124139705425,124.0,9671.695434208357
9061.546447481405,22611.721014794457,124.0,11687.381649034296
9836.560987747647,21038.41682881086,53.0,6979.925856008298
12064.856702842466,5938.204892995582,60.0,8276.020430034052
17645.518537573735,6963.211160850835,57.0,9927.016031108884
17522.86429135417,7726.242769348871,49.0,9346.152432092882
11484.148783412007,8570.283193236713,49.0,7288.157378852458
16477.851208374068,6232.430710662716,63.0,9903.281106044851
14185.797170728987,5671.546581399504,65.0,9323.941067854017
13784.138366283893,4894.777331602263,65.0,9181.013490098394
16384.295442093902,7089.89950333399,74.0,10717.429420341961
12564.954099965476,4705.292666679001,80.0,9946.280479349676
15687.296174601226,8241.226301433022,88.0,11539.840420265005
17252.61374854438,10830.685519653249,85.0,11834.075447919058
23024.779138037055,7922.608556901662,77.0,13513.36394848447
19291.97774392342,7513.651092960375,124.0,16312.28011030351
21323.78590416903,4900.570447480306,124.0,16826.722970387968
10101.773378589603,3414.717889111738,124.0,12784.531883301259
3225.603147702492,914.2087752639006,124.0,9752.310965516488
3552.2866106416627,0.0,124.0,9930.66029653627
2574.676300513342,545.2306362741938,124.0,9529.643179169405
4470.133105157076,522.7423632934689,124.0,10168.64355013615
2806.8438715919074,0.0,124.0,9606.258477625333
2684.360113469345,7245.627803232148,124.0,9587.951771693606
3511.3055277974318,5387.633922726474,124.0,9895.649644496018
3418.58498990795,12552.270596568784,124.0,9808.133046669625
6296.467997938758,13639.882091306961,39.0,4848.601014486466
16255.036984878569,8918.774665849656,61.0,9713.685972219932
7988.352971447717,7799.92687944118,64.0,7202.553748959897
17066.05884736981,8609.282253523232,56.0,9661.185562985462
10242.618998550313,10365.11541470904,63.0,7901.052713088874
13408.574255007079,6170.653386668239,54.0,8336.00291154591
13979.593643850927,5885.9918301865455,47.0,8044.255782037673
8137.354679342947,9683.482660492695,52.0,6443.61778281374
13465.670157006232,7713.888185260879,65.0,9129.887374109452
9431.877957154655,6563.558218776746,78.0,8707.250038741391
14528.852996184703,8845.99647167238,86.0,10956.921678192037
10399.999864474838,8504.500797649907,76.0,8856.164532483144
22024.98768921476,11798.184275579575,74.0,12858.806222087964
21368.02446825459,4103.395865907147,124.0,16774.93949082406
25064.078167481628,4783.390913216335,124.0,18013.46947783404
18978.1881740246,2148.0099773960187,124.0,15893.73582758058
2686.9532998887203,186.7440991691003,124.0,9583.807213253616
4934.077049922146,0.0,124.0,10426.642427930465
2852.9996275358144,436.9783513649057,124.0,9671.954322734962
3191.432583720178,161.46609251971046,124.0,9818.20958327061
3228.516321462891,510.47610554937273,124.0,9776.94727014942
3559.2834518000254,8296.7823581613,124.0,9901.582290446779
3169.8445521874305,35552.548150548035,124.0,9747.15599594061
10745.27991567848,30096.231935988064,124.0,12268.783644765976
10050.96298637712,12874.665200726688,35.0,5830.0435917196755
5940.460667398682,4760.3490616229055,29.0,4018.1549922910963
6968.73989154302,4831.45504792817,30.0,4442.50971313413
5731.595814728774,8347.279719363713,37.0,4526.357146586613
16401.876620881943,6269.288012635211,38.0,8112.38678947139
13559.292029735869,4880.57711671684,38.0,7195.597992322351
9935.107194168713,6696.331431271198,32.0,5573.093111838943
15722.24639958505,5605.826718018017,41.0,8127.057437974106
15165.728213679682,7500.857905420288,62.0,9441.086359468627
22791.032442858454,5457.5640777150165,69.0,12487.682988032546
16008.407950279996,6919.658636503604,73.0,10491.140451714378
19104.808048839564,8990.014104093736,71.0,11432.032214083847
16575.07441312498,12486.99272821732,76.0,11352.597812356411
19417.27029436149,7708.694041791372,124.0,16406.620042230872
23301.918262141055,5796.252183326768,124.0,17661.68283415001
11490.038270154413,3235.4176069928953,124.0,13239.9128427001
1800.8562111705019,240.75425808882963,124.0,9274.282549686268
4813.498186661744,0.0,124.0,10270.372047069997
3144.8340250391666,0.0,124.0,9717.795228262927
3418.59228176307,849.497235719487,124.0,9824.402859242804
2822.198891911404,43.686593955134356,124.0,9617.288629965551
3810.4480870159,9983.566958085881,124.0,9955.949009954751
7850.203703521694,28847.234513022813,124.0,11298.65659075975
9636.96571405538,28089.258124083844,124.0,11893.09688974202
16539.106280261487,12619.82495438158,36.0,8040.424612676544
6107.484913188458,6746.532108703069,31.0,4227.27323136246
12056.38770587957,2268.0686804876973,28.0,5994.225837348323
8274.216000829947,4885.0718563501405,25.0,4520.604971562792
6346.912160055209,4988.949739808278,32.0,4389.3082619936
19070.838334290274,4485.498179222705,26.0,8162.953435624784
6760.93888959221,2573.1040247024343,24.0,3957.4225504372857
10435.505289451365,6353.474798788874,36.0,5989.056902301587
11085.327250702087,6351.410884982597,54.0,7523.113328968966
14375.187791503253,8071.978133019743,67.0,9527.626295956878
18103.260509070507,9406.892226514656,83.0,11933.044106521558
12758.505785515013,10061.416763876134,85.0,10373.440823890465
19413.995673500423,12605.110139900262,83.0,12723.218539673164
23803.513093548903,7898.1496644196395,124.0,17796.974623096743
30839.820483406358,7439.720363058399,124.0,20350.486519774753
18112.008693042877,4684.983014261164,124.0,16015.033317083233
1828.129069189998,307.4507101175686,124.0,9292.00990739894
2630.4228518161194,0.0,124.0,9588.100990127528
2345.1525147893603,0.0,124.0,9453.90032988049
2161.2922451070917,0.0,124.0,9393.226440885343
2192.743284189386,174.73770817245048,124.0,9403.6052837825
2881.0412609345617,8415.041253363279,124.0,9652.763720808094
4235.80857704128,28010.769012261062,124.0,10137.3876222747
13501.748530141589,22643.3677527827,124.0,13174.699191866162
12237.216904545177,13056.86324698273,44.0,7170.221831103792
9376.574714835775,5816.493267574098,32.0,5387.735035081966
7548.486235152727,4634.515432353318,27.0,4456.511506307359
11112.487515366847,6181.695990412371,28.0,5738.4799005978075
15405.021287489859,4969.887587322357,33.0,7479.677564372956
12342.860579114966,6701.840118278687,36.0,6651.617676933663
7293.406395054672,3691.2235920795547,32.0,4677.178127650667
12173.344406329701,6063.879558696349,31.0,6228.122689813125
11841.545428354344,6965.40728274149,50.0,7422.368292847293
14245.852570663646,5314.147525259851,75.0,10044.981030763332
17214.38740228836,8963.842963659763,82.0,11531.22999039571
20667.64642184416,10406.496692916999,87.0,13122.823523091814
26479.483663520023,14084.437283886535,84.0,15044.711074475785
28893.627663938798,7382.109286984368,124.0,19628.11824965545
19597.361774349876,6416.398036048127,124.0,16690.26010571967
16664.926028794136,4781.3663152500985,124.0,15213.963932554
1844.9360929618017,466.0581790540367,124.0,9298.163800681465
4450.897758622651,0.0,124.0,10192.381932324546
2939.620448031319,78.36631211911639,124.0,9652.08990782302
2560.8432746448575,839.0421292401851,124.0,9538.966665892936
4995.686813286263,0.0,124.0,10356.853279108052
5071.232275405016,7245.723153420227,124.0,10358.550717413144
3127.020854660699,27971.006177712974,124.0,9781.301573281524
15152.392230633213,27056.876807112556,124.0,13752.491987597637
11469.766832726036,16866.063776988907,46.0,7151.70567814696
12196.63595362936,7782.020845978148,44.0,7194.042065371746
9243.231363733183,4506.707962202715,31.0,5281.958812805082
9582.380216713598,5903.135961141437,28.0,5171.5178194746395
14047.842939322949,7247.7419383637,34.0,7060.904522944298
15124.410104797169,4098.478686939988,29.0,7070.7766624207125
13973.629742574374,4628.418776738147,28.0,6612.830919356544
9576.134169437546,5465.532012427289,32.0,5491.084780153889
13394.992405803494,5965.166707845591,47.0,7790.554683167254
12322.72844264343,4258.081034943213,64.0,8580.284911387449
13066.059959857696,7279.66947507734,76.0,9729.195999638685
23783.1282415739,9448.950733411066,83.0,13725.835940199988
18700.311649083847,11732.819933280658,79.0,12649.827301057614
17716.743059450266,6506.21851463119,124.0,15783.0334224251
20770.30161989432,6060.790121492867,124.0,16816.8370944316
16578.893989575143,3600.275771846312,124.0,14886.284136024033
1866.420139877528,290.05517717661957,124.0,9313.851424660847
4482.707090319021,0.0,124.0,10271.380884484784
3637.3034431673145,0.0,124.0,9880.310136245216
3339.151171361037,0.0,124.0,9781.919886549142
3343.6250815732838,815.5789052711178,124.0,9783.396276919184
3308.6311882110126,6080.795237092735,124.0,9804.53983759976
3964.7871675310776,31149.518665177744,124.0,10034.026405664546
6565.335808376336,33028.10248452462,124.0,10875.315131185667
11756.105458877495,15202.609903679475,43.0,6974.03510129982
12487.06271912188,5988.629793223552,30.0,6290.289499019436
8723.183118479283,4057.66920602185,24.0,4583.655689254785
7859.232058735797,4494.6672702157875,28.0,4604.956238988287
9382.345843580604,3249.6474308249226,25.0,4908.921867877619
11555.978383893858,4423.203569157857,33.0,6210.074138509357
13722.97535280006,6273.87931867838,29.0,6632.499125964493
11983.703677031357,5630.394911079046,40.0,6798.392649964903
11000.550582923563,8068.532504601714,49.0,7117.040876828535
16361.630597149257,4044.8541805458563,64.0,9967.603297589287
11724.917343572492,6234.207016889068,74.0,9110.849870692848
17516.63351054475,9581.01821098576,74.0,11063.995779260084
22943.72352713004,12197.601632429785,67.0,12655.910782172867
22693.579287616878,7275.450429519764,124.0,17137.64680639004
24878.489381337564,6117.945057975873,124.0,18076.43914665734
9754.400433568624,2024.931285315007,124.0,12483.532857143146
1812.8374815880225,0.0,124.0,9282.070375457655
7020.558547037737,665.7832838023702,124.0,11234.509726061495
4018.473960841808,278.5858517851681,124.0,10040.118004671018
3354.493875489678,117.96050634955367,124.0,9825.29660372488
2645.507606215805,1101.6961064960806,124.0,9581.39792483667
2649.2915400595143,2783.9924368617435,124.0,9601.238591993102
2944.4701133414924,12066.487027060119,124.0,9688.4347742946
4383.851120113492,21084.86967476935,124.0,10138.163346837917
11047.789653268444,14427.89217683301,42.0,6626.473055257423
8078.579276770784,9105.391367290913,59.0,6895.09105513012
11287.695539127211,7521.811699914808,58.0,7862.06698158336
15652.671560228433,6167.326327698491,51.0,8783.757282150305
13262.9099260271,5856.621771050679,53.0,8144.2077175054055
15226.221788748304,6258.772945887967,59.0,9203.316369840082
15665.341811515556,5746.851004456356,63.0,9740.186355120788
14189.532409555204,5497.562420049806,59.0,8964.259132389478
12480.655876454435,9228.246727891952,75.0,9462.174366217614
14906.130204455307,3562.082626251504,76.0,10372.396860614395
17114.397210986226,5829.254403757055,78.0,11210.454359954992
10043.165879263977,9198.366875650858,82.0,9156.192210187144
22406.23130445093,10244.30099724016,81.0,13562.157620878823
21089.316687058086,6492.945221501714,124.0,16970.293556500623
20773.887862785105,4241.0386184804765,124.0,16713.622829651333
16674.68603002543,3907.091664160353,124.0,15184.150705036283
1830.819421664519,357.29565896106266,124.0,9293.758636507378
5655.261879051986,0.0,124.0,10721.386213287295
2845.797734302018,34.942089055478576,124.0,9683.447428344918
3262.395272985968,0.0,124.0,9756.59044008537
4657.257562723314,0.0,124.0,10216.894995698696
3481.7664384948002,4065.6985345146304,124.0,9847.605975657965
4098.775004048917,8022.540086977432,124.0,10128.939954044099
3014.7092484415375,19731.906740907896,124.0,9703.127251971804
11541.692339076073,10734.91470307273,45.0,7007.3198127838
12131.324125266756,7562.938666762599,51.0,7625.454777657203
10430.984097497918,7898.930983032721,48.0,6913.844813284692
13141.702651349253,8426.990105377448,48.0,7749.3633216292565
8903.670362703857,7456.512191751414,48.0,6343.971682792219
12175.08826874,8186.818639197325,40.0,6849.379664790086
13119.905154653708,6320.019599898098,38.0,7018.544734148068
8084.877996272675,6469.96897908567,48.0,6072.548143118985
22622.071340322127,6310.668587887597,57.0,11503.905726563637
20704.20131643863,4426.645806725074,78.0,12375.287155965161
18021.26737026603,5500.578918610204,81.0,11699.634470055431
10174.304148983027,8390.876669536781,79.0,9005.124030496216
25045.942670203432,9376.219214193461,86.0,14916.391648999472
19711.22429913982,6816.887861935483,124.0,16442.327567916527
23248.94457987868,6799.134131819322,124.0,17665.79280798542
16619.34783975897,4365.141197808086,124.0,15152.225479527226
3298.320118731381,271.0244899975757,124.0,9811.378670739477
8256.580118033022,0.0,124.0,11562.989034092998
2762.1669766087152,0.0,124.0,9591.515102280879
3411.597889029015,91.32765425816179,124.0,9805.82730337958
2811.0579156039266,0.0,124.0,9607.649112149298
4291.846534954394,5415.01295841895,124.0,10145.886396933229
3750.2577776961984,16496.5039741721,124.0,9959.343139719325
4292.934302046056,24472.77887702063,124.0,10121.865288433
12681.314511075896,9885.871202740196,35.0,6718.955305076904
12691.875040940658,6541.648297520789,35.0,6704.419028846496
10597.84094207147,5253.185500176995,33.0,5858.75548445117
9690.280527661113,6567.198415427406,30.0,5347.458410838429
7482.5577872938675,7227.373737039604,36.0,5005.811556808175
14843.347814810166,5842.188162482157,36.0,7516.796957853373
11977.227428078057,5957.585154139995,33.0,6369.648222361537
9657.44805981352,4661.473566159607,36.0,5780.169954088893
17201.676360360896,6101.052182624861,52.0,9390.111089294236
16241.799044517345,8530.136602785067,67.0,10161.889702734772
17939.30008297491,5529.254993858251,76.0,11315.907488566228
17586.338050915936,9546.094434297644,75.0,11136.326651385383
16889.714537394822,10242.902856544591,74.0,11804.298379907868
20422.826401052913,6669.341929041285,124.0,16668.806364278826
22051.830028353907,5517.504513367948,124.0,17311.877899476152
19889.373180822626,2990.3706697553393,124.0,15912.741366807832
1899.701190679323,247.66518862949061,124.0,9338.531786367
3275.142605558755,16.825639572987953,124.0,9844.894071335992
4522.303508213414,170.66765058487653,124.0,10191.707439391805
2528.1749682439636,1165.163178202634,124.0,9561.889244403634
3305.4275416653136,1356.678531290094,124.0,9783.732029420946
6057.759896385356,7539.479876844773,124.0,10710.847486763232
3437.9625069221543,24359.340970034464,124.0,9922.974638843058
9637.276997145293,24273.469102533156,124.0,11888.296786932511
9693.995453813466,12276.599043352158,36.0,5785.586904643502
12203.627228633235,5301.931534578714,28.0,6028.185495222024
8857.347318547205,5444.977848125623,38.0,5648.558129993275
12347.558305272152,3816.419864645228,35.0,6614.312904837916
7896.652658439988,3878.8435102115695,33.0,4987.128214644519
10775.553805537274,7078.730329844107,36.0,6199.7205632524765
10271.48854613631,3983.6944432640444,26.0,5297.251733382163
6377.38984119021,4264.221311291617,30.0,4274.273573332495
12141.756091111782,9137.534681990865,50.0,7536.419154303269
19502.003487852355,4317.585442133247,61.0,10757.599603352597
11817.959800431669,7577.730590506705,76.0,9259.037887995893
22253.456358647858,10479.360263414557,83.0,13265.728019543434
19807.473098018378,10034.52511272126,94.0,14215.616016737573
26882.60068971804,9380.35600917296,124.0,19235.96137673269
23846.855637161156,6565.1704994733145,124.0,17942.424423304692
15561.637476852846,2484.849259278737,124.0,14636.30804318293
1836.8648815743475,198.37353479638696,124.0,9297.688185448767
5434.074867489557,12.128697855273883,124.0,10637.383560855707
3235.2922323196276,0.0,124.0,9764.280731661314
4338.298611379757,197.7420868071417,124.0,10170.452656204885
2937.212521806392,154.18060976148894,124.0,9649.280132196112
3274.200471967122,5726.161895346269,124.0,9808.727671765284
12900.418876035104,23157.078027634634,124.0,13027.907772613748
12337.01124323696,24413.77524621238,124.0,12796.061790871798
11789.130684384192,13552.264293245536,42.0,6934.288404699731
13465.820968073245,6403.107711725434,30.0,6563.952668039397
9728.687155515934,2564.0249561884134,25.0,5005.567639182108
8678.926809506653,5096.655879333925,27.0,4783.491525884519
7737.4573814828545,6023.5488277258355,34.0,4988.110451282988
13478.690879531852,5210.83624244978,34.0,6849.944242841277
10469.760950644171,3443.720054778084,34.0,5879.885383380535
19243.257456647538,5727.668672724254,34.0,8783.256550725127
11910.584061043828,7080.262859681683,53.0,7704.138272330741
25493.93693040889,5295.293227068771,77.0,13939.61810536735
9534.519058182475,8843.93211468359,84.0,9125.75666336174
14768.15868797058,11871.341217394234,84.0,10851.609887505785
20529.554286691055,12235.73341310893,88.0,13467.798525133787
30424.020348472543,10192.776404623319,124.0,20031.936147493772
19370.746945358325,6167.578342055901,124.0,16442.738423523806
20493.149411636103,2537.549970179361,124.0,16318.95275546557
1905.1120116252898,0.0,124.0,9342.048819981877
3379.1191061170252,0.0,124.0,9867.585928268403
2830.279484613911,227.84883872171244,124.0,9630.785229694944
3123.0397004196016,394.96366543124117,124.0,9749.395418575587
5116.857707439928,908.5405657417451,124.0,10368.56304345518
2815.521597418868,4506.826323830833,124.0,9648.280938720425
4982.169588793115,31400.335416022874,124.0,10437.269727184264
7949.044459983792,26248.011961294895,124.0,11386.099035399666
7694.320156737278,15004.91902609772,39.0,5341.502168550395
13943.000723002186,7123.006856355629,35.0,7117.49582575673
8957.175279693138,3338.302982789961,30.0,5179.504495898654
11547.371863892284,5393.728021123321,31.0,6008.740670925857
16785.76662185214,5000.870122873473,31.0,7741.778891346506
12300.375894922234,5700.9196170666555,35.0,6549.118187580317
11590.400681529723,4303.107201026007,41.0,6737.372185510447
8737.346584688148,4880.316460041391,44.0,6009.107156173387
14774.266550870438,8387.809102254796,56.0,8900.496924477407
16690.151434552015,5270.079807175075,72.0,10623.079802985407
20745.009520366046,5376.014401802545,80.0,12610.99171588235
17250.237560531787,8018.12449923462,87.0,11940.876909165374
22720.296084672966,10528.216903184042,90.0,14826.826998526345
22083.204636433784,6271.820419783083,124.0,17455.981551703906
20979.472753625203,4403.644896577858,124.0,16771.46007523968
19146.74440846952,2596.1533860873433,124.0,15835.250192200985
1806.1468506462625,106.5940585270524,124.0,9277.721465345512
5043.577544881285,341.4959660366178,124.0,10473.702841477621
2756.691527983858,0.0,124.0,9589.708204234674
2468.3607906917755,424.04041031139593,124.0,9494.559060928288
2664.195994731488,330.33981662616134,124.0,9559.184678261392
2842.436957921746,11462.040679301444,124.0,9656.23229169137
3743.8542309321333,29081.024208886796,124.0,10072.253144036647
6960.612849759342,40157.63446996361,124.0,11021.345877427542
10335.620339571762,14779.076012169633,37.0,6073.056936904386
10906.249317854035,4412.288087439164,30.0,5735.3306344146
9145.016460264462,5624.712362737209,29.0,5133.847345408496
10847.63138017802,4003.0671420153235,29.0,5719.533011462275
9165.196092241504,5637.257550409684,32.0,5312.575297196081
10158.069318924203,3242.658721360129,30.0,5482.752825549841
10670.502330218167,4950.881183425088,24.0,5201.265768971996
11100.741554528693,3822.108895374835,30.0,5820.288453836469
12432.805805113501,4633.746262872777,48.0,7516.946958990496
13299.151657090102,4695.259667625092,67.0,9140.729371693844
13123.024565323916,7054.155606318265,79.0,9939.661410031576
20431.49905855943,13349.192680101032,80.0,12518.835305121112
25582.867649715823,13238.893079016358,83.0,15371.963053096295
18968.807670171947,7855.372958923255,124.0,16402.191680240438
31093.649769139964,6179.190124574926,124.0,20390.055295315487
13675.673666746961,1971.670705696692,124.0,13959.6933657041
1858.701791033085,0.0,124.0,9311.882176596946
2859.4402783112573,0.0,124.0,9632.231473038277
2199.5221255740075,71.79933732089897,124.0,9405.842301439425
2910.3697085014483,0.0,124.0,9640.422003805477
3377.2665296882706,201.32749733713766,124.0,9794.49795479713
3219.852859504117,4569.056870909966,124.0,9751.423198296046
4067.418609798642,10845.55114718415,124.0,10035.883992308072
6097.838586492146,20382.717065630542,124.0,10693.615600255893
7594.056269198497,14155.98587180643,50.0,6043.94007610172
15518.004882229456,9164.6477913497,59.0,9269.629139101376
8368.911182882452,6496.4099413992835,61.0,7070.628288436941
26032.65076587296,8393.496063694854,59.0,12875.634038185377
22216.8301822058,5371.347862546519,60.0,11692.073903325223
15833.01487683461,4615.535415925024,54.0,9146.559141831734
11713.991814905885,7298.245131866075,61.0,8225.147855903402
21716.106428079158,5615.5167112732315,63.0,11644.52079621154
10008.378338877526,7898.439529957063,71.0,8301.73336698484
14323.37664708905,6170.696402070174,84.0,10690.038988223656
16475.95263582318,6292.936373816803,91.0,11924.11942953495
15588.005071415006,14321.704746980844,80.0,10840.181534667945
30070.46432936912,12618.497714547997,77.0,15763.356842148283
23627.474855269178,7561.468615777976,124.0,17738.362622349512
20410.323523590363,7046.932283523742,124.0,16615.791545667955
9593.778394519222,1478.8116211590668,124.0,12270.965947132654
1823.134284825639,4.539412497604887,124.0,9288.763297562105
13636.949738182195,438.85446041996283,124.0,13416.537726338396
5056.818859464076,314.67236182925603,124.0,10389.944961393114
2854.93751270234,458.18064948755006,124.0,9644.011505132363
2740.805134430405,216.53553689680993,124.0,9584.465694362036
2915.931679838629,4062.240098215888,124.0,9654.852204176012
4745.289623511856,9103.33640262857,124.0,10245.945575758917
4231.461163557443,20175.059764366968,124.0,10098.27232346328
6999.6503418804305,12808.951435223782,51.0,5937.6935940995645
8913.777679660056,10566.170756123836,63.0,7402.498974119196
12797.77408293285,9176.031560089998,52.0,7936.512303219396
11323.584643189755,8673.04422147746,51.0,7371.748806359891
13426.535149316016,8352.02517167007,49.0,7978.794044121879
10405.686546216455,6371.250998741388,52.0,7115.528484306149
13039.593709225932,5261.9533091800295,47.0,7665.768398097833
13302.531080442413,6923.155870772899,43.0,7450.553167804772
12310.424730426554,7355.012279954553,60.0,8322.913821343844
9947.906703840232,7371.701681040786,64.0,7858.659735630132
15495.064327963784,6699.504952287178,77.0,10602.950797704196
14978.723470000448,9632.804584146164,79.0,10602.697312394204
18828.926904404198,9405.7927005209,74.0,11682.845618813188
19195.050234502538,5341.441255885425,124.0,16238.648528529544
18654.531367441403,4273.945146061729,124.0,16116.407887957144
13982.487260799953,1832.8662391981109,124.0,14198.299190337948
1947.7463564603222,597.8884210415184,124.0,9369.761144124652
3029.4475089191023,50.683818041036524,124.0,9746.350776583464
3255.1306073166315,96.26495348600051,124.0,9754.19310041449
5765.1194765684395,175.24246510869511,124.0,10584.152065853084
2687.4127080575813,0.0,124.0,9566.846193659005
2750.2382772807414,9246.328629309683,124.0,9587.578631502645
5388.455678752023,22723.683450196808,124.0,10458.190373988167
6932.41515745243,22120.313797203882,124.0,10991.664168852081
13516.004437654585,12994.502829291425,42.0,7437.804675275145
5583.479333719855,4467.511533619028,31.0,4061.5262252071116
9778.783553045641,4932.652596963073,28.0,5284.479500871783
9367.017832798905,5191.025474772167,24.0,4823.943654939844
10926.741835039082,6266.671419287287,28.0,5635.728860083837
8121.218323947551,2698.5189726039766,25.0,4454.0061223643615
8115.193063448008,5251.517183935393,24.0,4387.624902316748
9048.921362628042,6203.271018831804,38.0,5659.288826710433
12231.031672353449,7987.9067456508055,56.0,8011.864328213734
21346.80691211501,5111.791042836446,74.0,12254.991339631151
22702.19777380313,7304.870823108962,79.0,13146.764615685417
16564.320587498725,7570.572267734942,75.0,10771.09309123862
21711.056836909927,9534.881219689858,77.0,12916.785691118614
26037.19290988202,7384.1722356047485,124.0,18429.222647362516
15536.565305185264,4886.964862150948,124.0,14963.892358465919
13278.149351843782,5352.460002463559,124.0,13959.742879707122
1871.751551018596,636.7384556423874,124.0,9320.36452058753
3655.618537963425,0.0,124.0,9926.354462965197
3020.8602833003665,145.50500955668588,124.0,9676.883893489125
3618.5536385715836,120.09502228883406,124.0,9874.122700728625
2778.1731123474906,390.4146153411517,124.0,9606.39927423591
2968.5936989032252,5041.445131673601,124.0,9735.680915632316
3492.211616773795,24905.34107698091,124.0,9857.482584414294
7888.550408386911,31480.15364734245,124.0,11299.703365169147
8129.317639846223,14955.149791682199,34.0,5091.582342044421
11393.536728400199,6428.681350034536,33.0,6118.791947689695
12128.241399683639,5108.839773566277,34.0,6422.957668533308
11748.778497360756,7509.460114702395,26.0,5761.349530442178
8442.102639282522,5539.648996971112,39.0,5612.583017860418
10784.489563962854,5362.835156536412,35.0,6112.921189507571
7779.182214160422,4722.206836148537,28.0,4555.47309905753
10743.903465301717,5856.579927147924,39.0,6314.37201944634
14337.171206178344,7108.326267886409,56.0,8689.642219840604
10652.627573873162,6875.4151405309,69.0,8419.876720784017
11129.578417779687,5761.968561477276,79.0,9300.298802495005
18353.761458643472,8725.281142796888,81.0,11789.795429441701
21529.057343124416,8314.018479678221,86.0,13470.532986878981
25490.67271740082,7724.695879721705,124.0,18337.638341733367
25132.553478030095,6484.7576151952135,124.0,18314.493443445386
15293.337251771063,3382.4407350822667,124.0,14586.904007955725
1804.428574843479,206.9093382903685,124.0,9276.604586073701
4853.420174663728,0.0,124.0,10358.373846295415
3579.5242378308662,0.0,124.0,9861.24299848419
3285.2057093460376,0.0,124.0,9764.117884084195
2513.2614326924336,358.9545472451796,124.0,9509.376272788504
2799.3430433819535,8306.303183452537,124.0,9603.783204316045
6925.066658085575,19453.74076783179,124.0,11062.111440734476
13463.179024717385,27728.86079991293,124.0,13158.795466429685
15412.791687693327,14397.986818377365,38.0,7764.265880137506
10420.668748206434,8139.425295250491,40.0,6263.957762836785
11107.961566383867,3826.885079768612,35.0,6151.62775700481
7275.82751311226,5913.597388504445,32.0,4676.825808981525
16629.11211457818,5563.436363587901,29.0,7563.529048118674
12638.555655170421,2508.9298292233925,30.0,6335.957513983518
12940.604029422331,4755.547159385805,31.0,6498.366115304897
9027.176358865945,4990.757025448916,43.0,6007.775527907241
11544.022899557962,4677.294010273367,57.0,7853.659926334533
14911.639687933575,5061.898117868541,59.0,9140.264531159875
9671.702189447398,5454.1076359879235,62.0,7605.788950126491
11411.619029993622,9972.960971018112,68.0,8586.738489113699
11803.917125046999,10828.993395879615,75.0,9419.126640062648
22793.52421900522,7072.867604148264,124.0,17586.237157870986
24580.09881160283,4455.309393482469,124.0,18127.609852615653
16995.282935963267,2853.680808616802,124.0,15331.493025732241
1800.8562111705019,159.4741211314996,124.0,9274.282549686268
3461.4959344373237,0.0,124.0,9893.854789997096
3751.435895477134,177.34159526564179,124.0,9927.91217156543
3073.3222911765183,448.3111099531253,124.0,9709.769555574969
2710.3452295692273,97.35758269019425,124.0,9580.175214054587
5073.848429697109,10568.872032597043,124.0,10424.352902361044
5918.591453719429,24784.27117374105,124.0,10655.985876179226
5498.714528390433,23125.1681908302,124.0,10522.469707513977
12192.91525076558,15326.893754457931,43.0,7093.305485749377
12411.254208793483,6745.186115043484,37.0,6697.143473771166
7916.984584857741,7355.947811097403,37.0,5214.827675129472
4671.967620339277,6369.450080288449,30.0,3683.566279879076
14365.163122718874,5724.015476274305,25.0,6553.011070048678
12034.366100262154,4277.588255258153,21.0,5473.725852048857
7175.739779354584,4546.470681247177,20.0,3805.25397131457
8477.961793336526,6329.797729399925,32.0,5064.254669028902
10717.429740374724,9460.934919325884,58.0,7659.105527858386
17681.620104111196,6374.855747458835,66.0,10576.293119629912
15486.14972066173,6652.371718839494,74.0,10360.857582153089
19154.271901423337,9923.176757393223,76.0,11752.839535153396
26368.36439934016,13243.536719975184,89.0,15332.67395770826
21806.373750321043,5635.439974470748,124.0,17234.483426182745
21166.633276644272,7460.828529270614,124.0,16880.589507404307
16969.991573071096,2642.7220727441827,124.0,15131.049939211589
4572.444102338323,0.0,124.0,10209.365594452685
4982.754059357634,0.0,124.0,10341.238885910456
2437.0263187085934,0.0,124.0,9484.218685173837
2770.0701401533383,252.9054624913881,124.0,9604.198946114013
6532.193408216089,900.8259248180937,124.0,10875.858643968852
3418.718021621465,9720.83480412662,124.0,9874.176772504865
3954.164427687933,22498.65633538868,124.0,10006.479643410657
12471.74152977863,26891.49064669224,124.0,12845.141654280216
13606.543195034063,16212.0640199046,41.0,7391.013649713602
10104.187504394353,5893.469231925284,29.0,5420.380074759794
7296.00620367665,4966.947722481066,33.0,4785.935120702068
12943.247526795278,3473.288542725457,35.0,6786.161348043839
7141.3867817934415,6799.417295628909,38.0,5091.206977797381
11482.285357163903,3976.0735219320286,32.0,6077.204580211403
8062.79044124168,6357.243326242393,28.0,4667.842338535359
12205.957264734094,5896.4910303402075,34.0,6492.005615322792
8924.874090861278,5931.41408069618,48.0,6346.827436768338
5967.566815144014,1905.3040981453532,55.0,5872.7461266879045
15351.744924488523,6321.735479135502,73.0,10210.071788824278
14327.916738502281,12042.062268846545,83.0,10647.795329803463
15657.530110585463,11859.06443806688,81.0,11085.30247609007
28400.160430988883,6317.206727640703,124.0,19494.134075583814
25715.485372305517,3981.583479073954,124.0,18393.087155873098
12299.686079806266,2130.6565879296513,124.0,13550.00482760271
1800.8562111705019,0.0,124.0,9274.282549686268
3164.5932843776245,0.0,124.0,9724.315783844615
2873.2869590356177,0.0,124.0,9628.184696481754
2700.602133027646,227.45181234156092,124.0,9571.198703899125
3639.72521953255,779.2419976156204,124.0,9899.179089020608
3731.512728703626,5007.422745339696,124.0,9935.2950568737
3485.0776660516963,12129.38521788561,124.0,9846.683228050013
8692.201410439304,30140.519498984086,124.0,11599.743520894677
19180.44981995972,14438.412412826097,53.0,10083.934847215582
10523.521661453775,9084.68897229545,62.0,7865.859554038923
11830.80567516689,7926.868366904432,70.0,8868.416659225551
15756.886039410163,4804.386265123884,63.0,9738.033075307068
11208.211849875282,8272.070178335842,59.0,7874.556671303247
9812.712300147707,4837.224677482061,57.0,7290.100967622918
15155.008202206975,5611.666823737014,53.0,8837.261415763309
14488.303672495445,7493.380642280728,58.0,8955.287551867801
14154.850079456055,7152.177098923736,62.0,9198.403444964242
13421.099561504547,3954.4877843185013,72.0,9543.149843172687
15582.201722164902,8777.671398226359,79.0,10784.619292971973
15972.284696986728,11250.546705125336,83.0,11183.57595359078
20662.341146237373,10389.343027772135,80.0,13434.72754087063
19058.724314586387,6616.403358526217,124.0,16275.022562525104
24327.893865458427,6524.216758993082,124.0,18169.033174935852
14448.575564041166,3356.296963486821,124.0,14290.588375557267
1879.1622427371483,352.53895488604905,124.0,9304.908204557354
3298.05836809592,0.0,124.0,9818.37109025822
3813.8795953317,0.0,124.0,9938.580266459465
3880.273400384767,56.0575147314618,124.0,9960.490222126979
4252.17708032863,345.44895253069694,124.0,10099.578663132077
3137.32013674518,3853.4301791672283,124.0,9742.482289307152
2962.8719380829707,11714.211199856489,124.0,9680.822459088133
8966.58979876904,20255.040450201872,124.0,11679.657370179504
10200.833009130989,21116.852139308237,65.0,7989.17056698815
15446.933289800229,11708.775012912785,74.0,10339.487551010012
19957.15220073299,8449.988434169754,67.0,11371.908430882866
10714.401986079702,10949.220018611477,74.0,8792.069024005425
13174.603815985492,9604.944796707172,71.0,9422.33201994329
13120.285582287235,8978.991393228742,68.0,9158.028734728865
19102.706383048906,7205.79545777825,58.0,10450.42980977408
10146.697483767446,8066.037272859613,60.0,7643.291570205665
18928.27170323464,6067.4581069991,70.0,11257.070600368865
18238.35147984282,5875.659354992398,75.0,11417.62212460982
8511.893609188888,6455.525588774931,83.0,8768.675224798135
14158.813198081018,12454.436083358152,91.0,11140.116360181399
16764.226886312623,7185.653885707693,85.0,11842.445475130473
21259.96751112399,6270.74776570561,124.0,16944.603652190068
22532.541303262205,5594.290417624389,124.0,17217.457735765725
15696.847614563125,3248.5289556464804,124.0,14607.868858832617
1836.2614228790299,217.1198667295898,124.0,9297.29593729681
4495.565521780096,0.0,124.0,10317.41952219665
4939.581071913949,0.0,124.0,10335.808464837837
4142.972643856339,413.3539640251547,124.0,10047.180972472595
4004.643185349414,634.2329659416031,124.0,10084.85965199
3298.1756028409486,4574.3083564025665,124.0,9849.77792983624
3170.646031501684,19344.3431945928,124.0,9751.015548051133
7638.730979290048,22782.039763170975,124.0,11256.67276179023
6769.182150611533,11917.0540464043,31.0,4430.477834951751
7592.387193070315,5755.3890412885075,27.0,4427.0482102589995
6852.837440715541,4238.573125423739,26.0,4128.720190015099
11809.470256000985,3968.8824300931765,29.0,5956.111191790782
5403.116455011452,4571.7559738713,34.0,4188.283701802944
11104.982423464084,3801.716065190484,23.0,5351.739112034677
15791.532046840395,4074.6488124101106,22.0,6822.934731293211
10484.869442697733,5470.7021225609515,29.0,5575.61353908916
17308.256690048802,6600.277041880477,54.0,9556.98788568802
21561.055054393055,5320.302446097322,77.0,12603.338900145094
16410.518783658554,8856.168724533916,92.0,11953.49753404197
22480.252565448667,12888.446264433986,86.0,13579.180619479115
16294.779863030732,9524.457870216294,91.0,12123.081506192142
23215.72232416367,5994.566649215855,124.0,17839.3239581644
29514.51422130508,5719.511381463643,124.0,19695.06174631401
20644.501214740736,4171.813023041313,124.0,16507.052210878413
1868.2955897299007,284.2994827061891,124.0,9318.118145749877
5609.546119015582,0.0,124.0,10631.646060401948
2590.1187503769324,0.0,124.0,9534.73918762439
3211.313704022224,183.11225508954377,124.0,9739.733522327337
4943.9036156185075,326.5743682303777,124.0,10321.061616830257
2752.37115211157,6291.398871378849,124.0,9628.032011558766
5225.914096112675,18833.283275425747,124.0,10417.654863008287
5399.337544005914,25859.60567364805,124.0,10509.668478976064
8020.326777416294,12364.970118377605,46.0,5952.464453891549
13973.206204840122,7561.882228720871,37.0,7247.57108410457
10131.329539677796,3559.2947861521816,26.0,5246.216303016171
9223.783401789904,5382.2326645217845,17.0,4239.523995063153
7428.048655915358,2905.3978020588556,20.0,3851.256056452068
10160.43989650589,3645.618174324868,25.0,5130.662731274645
7679.408431780068,4004.911042825567,25.0,4298.437088214861
10739.317678002864,3700.7689122072115,26.0,5393.882696225427
8322.779554624854,5337.70229340084,53.0,6536.690425829198
16417.2895066913,6936.966074582748,73.0,10587.801276563325
12560.17974063484,5116.992364674495,88.0,10380.860042836903
16054.82427058836,11930.171472963815,82.0,11090.657514270495
19829.677302807853,7959.497448729102,76.0,12277.637431479503
21315.0616485174,6788.418977756612,124.0,16973.890981048757
23987.878840231253,7636.524984634045,124.0,17758.843112349117
14068.178696159948,3051.0933518545703,124.0,14127.481536821766
1927.0487996789252,59.421806652471425,124.0,9356.307732216741
2723.9814758624857,0.0,124.0,9603.49729476646
4058.2676405295533,289.6476811106007,124.0,10019.228321374756
4090.181247479826,158.59822434013088,124.0,10029.759811668346
3310.7787798438453,538.025499519892,124.0,9772.556997348474
2147.379323405661,10271.545954711984,124.0,9391.588213864947
4783.823954083786,23634.62313017039,124.0,10299.19722171015
9206.328707298064,26448.593895100923,124.0,11746.74658162601
12291.850006090523,15167.89048019424,42.0,7029.780417873646
13115.578542307312,6275.823864681089,34.0,6747.951320782103
5301.252969184249,4105.626242876239,26.0,3617.36705789105
10445.7347926829,6374.402040285618,29.0,5546.05815233791
11560.34335633679,4270.411780357734,34.0,6246.395059783471
8488.174556863469,6088.659557332904,38.0,5501.451681998075
7580.684796662803,4623.859083906065,30.0,4654.8538974273715
8857.655115856112,5286.846863250993,35.0,5406.699702250972
12097.258196289185,5717.877489165713,49.0,7479.371970997843
16140.423704932386,4835.818827565884,61.0,9660.814629094313
11363.09941950604,6355.033699053464,70.0,8759.844517983414
12560.96293258406,8647.440136460027,79.0,9792.064616405407
26594.84952634714,10988.002354079486,79.0,15297.609161628317
22426.025437981054,5708.270576534855,124.0,17406.570428275365
28138.930129109398,5198.445458805561,124.0,19335.31992279974
9270.894230422467,3494.8612960234905,124.0,12723.345890248653
1850.175432207629,87.91592796308299,124.0,9306.3400433604
5624.855226065178,293.9795035512497,124.0,10673.526057630179
4420.3036593341385,326.97782721432543,124.0,10201.186192608824
4077.737491155064,515.4399818373223,124.0,10104.789305581522
2716.527011854762,1191.8795930178217,124.0,9579.507686634704
6268.547777245435,8993.201143553357,124.0,10786.369378834
6869.824377643402,23344.31142252249,124.0,10963.263595663186
7959.936091457766,26996.06979497714,124.0,11338.210110163534
12222.958937625324,12129.687905548573,28.0,6026.686237256138
14200.123507774379,6034.441271181217,28.0,6667.242620004211
10129.628762228333,3403.569050577035,26.0,5195.452954058259
7171.330811341661,4984.311841831481,23.0,4030.733116229544
7920.834382879841,6670.921465932267,27.0,4545.029664556942
7558.473013195897,3294.021465581531,24.0,4293.318023082659
15651.923459928623,7290.753001212391,26.0,7036.976445926392
6151.91650572847,6786.786980213721,34.0,4446.729435636091
12171.365006792486,8322.229575728004,52.0,7714.257085177284
20368.528530491178,5926.65220315028,75.0,12133.692757772316
10797.743542535469,4034.502782007803,77.0,9058.423861896752
18069.476129985647,10070.045377779876,76.0,11427.662417203006
13061.119281457912,11516.89958432795,76.0,10000.603682156963
27412.71636397061,8729.195174109935,124.0,18968.711502623883
27477.688233207242,7248.652968781876,124.0,19009.3889645988
19589.23700164863,3017.2323921502257,124.0,16024.942225244862
1838.084044260148,484.86400394253434,124.0,9298.480641194537
6333.178737896929,0.0,124.0,10868.564025652524
3075.418978889745,0.0,124.0,9694.88826303362
3379.0694346027008,0.0,124.0,9808.613228426539
3221.4764388366825,345.20325070085624,124.0,9743.087224816109
3154.5945907577043,6887.134090437864,124.0,9763.496023850581
4143.003167176111,18727.685344482026,124.0,10110.745161102132
8921.939966152004,40531.34701565473,124.0,11692.430309934543
15948.806375423082,16066.286267970445,42.0,8224.5032720129
8695.551566198623,5929.668666364439,33.0,5205.7428820657415
9895.260378332778,4424.3969673991205,30.0,5391.614371340623
8229.812484635804,4530.689545588444,26.0,4572.264635377439
7618.8695250008805,5013.509486103493,31.0,4736.287458584359
11879.671584652195,3347.0581880982345,39.0,6692.947412142061
16183.795222779165,6218.964379176622,37.0,8050.753087132805
9527.237545139791,4783.457601329187,45.0,6366.900384129627
24009.402226971168,5849.373483086874,59.0,12117.489379171167
17430.610610247542,6501.731258431947,79.0,11315.600090010259
19762.905312721377,7619.371047984003,83.0,12404.04765310926
17656.389340821104,11180.732979441245,78.0,11368.525675232166
24991.242340711102,12035.271683962832,74.0,13796.651163895673
19754.16512840497,10844.319106633899,124.0,16336.270465114032
28617.498335977976,7519.480879718438,124.0,19227.759121460702
11387.783023394515,2023.9791556128614,124.0,13128.511367161907
1822.4706838112857,0.0,124.0,9288.331956902777
2392.7912537232155,0.0,124.0,9511.175710035617
3209.9147070973827,145.32275574555,124.0,9739.27185334214
2940.013598472567,397.8501137319952,124.0,9672.978856261336
3184.569018712256,0.0,124.0,9730.907776175047
3315.3706895024484,2940.5970559521265,124.0,9774.072327535809
3399.870020431604,11636.698512774765,124.0,9801.95710674243
5378.135449165663,22216.621991519693,124.0,10472.841726574641
10277.58134250728,12371.021802488283,50.0,6966.4310639981495
12405.46057353578,9921.960243615013,65.0,8731.868894647789
8040.66412075062,6693.837543220758,60.0,6934.129500123492
12912.973376059648,6154.979530430214,54.0,8130.021902326757
23211.086554354166,7457.976129269228,60.0,11920.268212056775
12776.182743134066,5805.6263647232845,58.0,8324.7848388702
13899.635428004894,7967.468033057264,62.0,8963.07518753635
20974.689749033056,5038.8306789077815,53.0,10679.687748764047
13638.072764162956,6615.050134999616,63.0,8981.726699570467
14363.683456745572,6672.265434586381,70.0,9711.631648192722
16611.278034291667,6118.832555154215,75.0,10841.289486981745
16278.433045324538,8397.938301332171,75.0,10706.986696651726
18435.02690256549,10290.432111178216,80.0,12104.212331189634
24303.289604227564,5816.048864272049,124.0,17810.51421361407
22300.275060840508,6818.770878533026,124.0,17341.06252874633
18673.824058263173,4399.956602486594,124.0,15808.467536321608
1813.0108899091256,95.29172808111954,124.0,9282.183090866372
2745.733750270389,0.0,124.0,9666.305904345145
2862.273687333476,792.2512989543378,124.0,9624.55031682005
3378.803303365174,426.5053172492733,124.0,9830.902124039158
3507.3394776529353,97.29126306250691,124.0,9854.156427023374
4475.256188236185,5810.682211996802,124.0,10180.920843141757
3859.0373893951905,16662.25167341692,124.0,10034.619422321995
7733.315767489124,21259.31096533755,124.0,11303.290253239136
12114.255651378999,22987.732323281965,54.0,7820.007744287243
18864.977806074086,11684.155413035922,70.0,11197.762181648555
9441.350167236453,10291.96271400278,68.0,7934.215062244537
12840.98430663244,12947.750177866905,71.0,9294.457957380755
13885.726369218151,8444.107609528985,67.0,9333.189478086519
14657.051465819954,6995.151789096744,56.0,8837.790892043005
13417.335534560576,7675.154549970852,54.0,8302.421124857852
13352.796112773116,8490.219696620914,61.0,8735.268747013526
13978.608847873456,7608.691767472711,70.0,9559.494334427805
20213.75566247227,4719.949193459128,69.0,11596.444804582015
13739.911569040882,6388.981341985985,71.0,9585.412178861545
8844.31995291165,7330.969236025153,74.0,8205.859423608963
18849.777487656436,8269.36199378185,77.0,11956.803054085643
17180.835124115678,6417.512716061063,124.0,15632.620268210645
17515.19445765092,5628.750905286522,124.0,15657.115242916441
23819.661198863407,3448.077240155079,124.0,17567.007613899594
4709.893230393858,750.3111897493402,124.0,10246.754635325848
7676.722001377699,0.0,124.0,11293.804702730642
2505.5626000630327,0.0,124.0,9506.835658020802
3089.291729344724,0.0,124.0,9699.46627068376
3393.134127794938,60.34225802992781,124.0,9799.734262172331
2787.9238430566443,4156.358238363017,124.0,9611.919198431662
5504.222517483092,17712.845644298755,124.0,10564.258778371071
15168.960053792163,26156.385713210457,124.0,13727.716568497748
5085.038195607941,10454.411757937136,37.0,4272.847269004714
10707.08118849493,4030.1146380246305,31.0,5737.664338381
10661.446412271463,5627.64086999738,27.0,5474.318259183474
10668.316824997664,3895.3992753542957,31.0,5722.392717103091
9248.633568877907,5007.829283580184,31.0,5281.47448134055
12821.971636357317,3254.0704319665206,30.0,6386.637759425102
7481.852975058276,3109.023275739451,32.0,4747.528626360521
7981.131365339346,4672.583177674128,32.0,4920.013837076077
13179.794599411218,5703.229039548836,47.0,7740.294723473374
13720.594692284192,6194.968114557675,63.0,9023.279560336538
17565.653653704958,5496.379781554205,66.0,10494.811782421826
16281.332714833807,9315.348136119419,70.0,10399.185775325925
21762.303185606583,12196.045409827308,81.0,13374.676049390262
20656.9816877058,7140.629387214778,124.0,16911.13039325722
30374.00520451273,6367.7253940798355,124.0,20059.34382835979
17783.222900598503,4116.94085581017,124.0,15495.900690460234
1839.3213057935259,423.33616904107237,124.0,9299.284861191234
2666.2541023674203,0.0,124.0,9559.863853781251
3609.4585456994605,83.2329546323667,124.0,9871.121320080823
3066.17219097754,0.0,124.0,9717.275892226906
3551.4060722475974,165.38741606896122,124.0,9851.96400384171
3136.8245776211556,3348.788861015874,124.0,9715.152110614985
3564.2884943024737,21019.620933010305,124.0,9896.345086205893
4594.651868596716,26000.913085018103,124.0,10222.6154492585
6279.091473290119,12855.987322894729,34.0,4472.081860843713
13202.319268830292,6690.506577306799,39.0,7213.290024475039
5605.017844296198,3835.7838136436417,38.0,4537.9803258599895
6387.427247921669,6818.931500450645,29.0,4199.3911328697095
10435.96995108769,4603.135064670568,30.0,5567.226929630301
13473.427440823792,3890.1004131811355,30.0,6574.317116099082
14905.014632236484,5801.591708852351,33.0,7290.842773158471
10133.83874165034,3370.8074328523126,31.0,5547.933729468139
17770.800790367186,4674.233904885127,49.0,9327.295582031995
13535.388009005947,4162.686782042123,67.0,9236.818465366863
25764.533595762525,6961.75801173933,82.0,14309.682084728343
17919.25803418089,10244.09965324973,79.0,11560.706570257835
20092.956697948557,8018.686735773582,79.0,12568.580667048971
25702.565666059738,7285.329535265514,124.0,18517.96522548704
38981.59819448159,5327.72278998308,124.0,22862.776173463903
10665.90922347776,2763.6111790693053,124.0,13094.351375202985
2996.0071091470068,30.08224757754554,124.0,9679.665034249081
2424.1884803759526,0.0,124.0,9535.9669098251
3066.043369660018,0.0,124.0,9768.722211989372
2553.905035841884,111.64877247673769,124.0,9533.77135005839
3092.8299806477507,0.0,124.0,9700.633893613758
2662.7340585240213,6130.4641185808305,124.0,9567.427304234729
3101.6535301356766,22506.98841605913,124.0,9713.465227295734
4610.512406422681,22549.374872303317,124.0,10250.091228751591
11219.297149476226,16451.78776796218,46.0,6992.138216612011
11410.893892293627,6384.612263641755,32.0,6026.619261297665
6763.920249742445,5768.930220639394,27.0,4163.522045195673
9547.140577118536,3757.5741524985683,26.0,5021.960683025029
10939.580931066743,4344.689149908473,25.0,5456.04127640496
9030.60796791345,5992.632068650115,33.0,5401.233400436635
9065.51373385503,4655.769784285314,29.0,5142.104996136688
13704.558141458281,5024.722695351516,26.0,6398.1501545934
15949.834082913358,5425.118025323687,52.0,8949.117494854598
16459.46719663995,7624.642795724359,65.0,10045.306574296483
13674.273721539414,7655.427497508127,76.0,9915.893117767075
25652.39907329696,8263.826109646261,72.0,13555.614657990589
21826.5227026904,12204.576079558956,84.0,13629.532621229073
31002.649301151992,6916.693069233126,124.0,20115.963462073112
26610.010627447384,6516.009106542169,124.0,18931.320224657713
16776.241187887063,1745.1470608502625,124.0,14912.98075223826
1863.6010840472932,568.10559873196,124.0,9315.066717056181
3497.275882202107,428.73055486132705,124.0,9886.82586189392
3253.0936028654914,328.0000732353578,124.0,9753.520888945615
4419.9414836104415,28.06144378595054,124.0,10148.675626991946
3220.177777134777,0.0,124.0,9752.734466317885
3741.4051249260783,6758.37151443151,124.0,9914.663691225607
3088.535087442148,32706.88449400061,124.0,9791.062462902639
18294.80676578696,27161.218272898957,124.0,14780.268255444353
11137.904684425734,11780.833915095342,40.0,6606.138982012582
8668.53212273962,5580.6985102890685,29.0,4952.184347913336
15249.351437293433,4448.577298236142,27.0,6990.4929065351
8796.835988747329,3967.755663142788,31.0,5178.691853680659
9003.483899778032,5567.415619021406,31.0,5161.073138912277
6742.651291270938,5552.057398208852,28.0,4195.561002051339
7308.246304261824,4469.311501593702,29.0,4488.145254429981
5746.077689831846,8136.201819586196,31.0,4140.74415527024
11408.689109424702,6181.425076303072,49.0,7211.833564546298
19426.45003580266,4370.5617189641425,69.0,11277.210997096634
15010.155065539395,6067.1539315121245,76.0,10308.90809615701
15230.413045044646,9365.123785308315,80.0,10664.910549730981
18089.410876402057,11129.492895698422,76.0,11872.127756515989
21717.80001390512,7240.282126759241,124.0,17153.826516928515
33842.60590113921,6550.519734109192,124.0,21104.37542214981
19878.22448210932,4565.141992994087,124.0,16205.435672543172
1847.501565867862,284.6206982203448,124.0,9289.675516736397
3093.164294273175,118.738491249457,124.0,9818.15327789874
2449.9229761456613,0.0,124.0,9495.782950106444
3511.4618371775605,428.7259521840761,124.0,9852.629840332884
3346.7320148712697,470.20152837919693,124.0,9784.421564907521
3101.3942433515413,5182.876472321153,124.0,9784.225451416305
3529.8173510357005,19930.27274231861,124.0,9927.598745901463
13392.604163497359,33486.05562764188,124.0,13150.857433216728
7807.859630598339,14381.19811573053,42.0,5577.755727762505
18791.969036838935,7172.610524592053,41.0,9082.946090628087
15938.72154373716,3277.048026663003,34.0,7676.535198780902
10351.139748639589,4424.534684423729,29.0,5479.259269528732
9418.498050619966,6071.81783059972,31.0,5345.44872777683
15765.542532322628,3228.4994440143932,30.0,7345.771074389377
8850.03286224851,3313.193798893814,28.0,4896.2801362828595
13188.51555684104,4546.290444608715,39.0,7109.602352902633
10926.421382333121,5320.14292108907,52.0,7311.353290301857
23520.42020019232,4488.410256989362,67.0,12477.80469826213
12651.730386136793,6606.930288543119,84.0,10132.529764855619
11905.642055080096,9938.13113377107,80.0,9656.779574841355
23527.84574985422,9843.055265027471,74.0,14012.8343522204
21312.98911557521,6487.247418495329,124.0,17059.62682961638
25018.058255075073,6719.240533630177,124.0,18330.918096942532
10865.741749011393,2730.3841654775047,124.0,13098.294959669585
1884.1539942314446,109.20599897255501,124.0,9328.426108675882
2916.8466704164052,406.30013937577604,124.0,9674.87769965402
2651.102572606617,0.0,124.0,9554.863848960185
3111.903251171347,0.0,124.0,9706.928072886547
3006.325085447492,318.86076426208024,124.0,9677.848566494416
4325.115740366296,3952.8390422948946,124.0,10129.845700687227
3378.3273520105254,7112.911645584987,124.0,9794.848026163476
8357.545296353393,28114.47668360341,124.0,11437.98994779662
6835.116937303791,12952.060837805646,41.0,5132.426427109163
12049.467620562,8288.240910212013,44.0,7086.968085364285
20609.649007219632,9870.241012807688,52.0,10470.526699510607
14200.246562913302,3800.4167879022034,48.0,8105.063957415548
9063.87880816079,7219.109063153404,63.0,7469.14209956876
16686.197227734116,5572.823090444939,59.0,9685.741369089004
12072.929105003444,6847.863194723675,58.0,8093.975255320329
6275.428775754886,4938.736529883368,57.0,6114.60730810794
13432.560943029597,4850.091197862974,63.0,8869.80078021908
11769.580483018035,5756.967482850948,74.0,9110.651050243867
25811.590606455848,7818.709796632328,79.0,14146.555563016927
16710.751702460588,13666.368112857015,84.0,11519.5698625402
30999.06834400383,9983.939191180465,87.0,17404.94456345054
15421.132815746081,4801.316619866776,124.0,15050.290937644413
29603.544668323942,6896.33056108492,124.0,19674.136001488398
20657.095573128558,3947.640059614988,124.0,16344.160621766026
1857.54841800095,0.0,124.0,9311.132484126058
7262.05940394013,0.0,124.0,11116.348713293031
2937.9554628174137,307.95038385515414,124.0,9658.002200558965
3560.5590581313086,132.7450298731526,124.0,9854.984489183335
3046.8066988037003,0.0,124.0,9685.446210605223
3428.049429314009,1885.0626753974707,124.0,9811.256311673624
3521.055683392042,13572.181089369084,124.0,9847.765085467243
8677.600071268776,20832.2328627831,124.0,11552.116327385225
12554.65193749761,14958.93433826423,53.0,7901.949679390201
5562.604694596107,10364.304905188144,63.0,6312.892072505689
20505.761731392275,8293.449752644574,61.0,11127.362130560381
11740.967353029082,11605.949819835214,65.0,8528.065599413529
8953.636706745037,13115.290027724644,71.0,7984.256311115368
16737.90053858013,8895.486795475457,72.0,10658.968683968014
14703.997297208916,9817.23691803633,70.0,9823.228000878693
17713.324943010008,10460.54603728298,67.0,10605.871615064761
16589.12309021044,6825.937324323753,58.0,9580.804022862663
15159.062586952443,6772.72193419505,65.0,9579.525215301031
18079.294797797287,8217.561837732977,73.0,11140.671723055908
19255.417778890627,9687.702504703528,72.0,11478.874727034761
15372.95870972407,13965.448662796058,78.0,11024.64322318937
25985.203616659528,6328.035791978923,124.0,18422.81071733945
17437.31836669598,6342.566663143783,124.0,15717.212518354561
18163.479479741527,3263.5605351009713,124.0,15476.246880837865
1819.490572529203,748.9826336403688,124.0,9286.394884569423
2664.173206626428,0.0,124.0,9639.150936246397
2858.896592045646,0.0,124.0,9623.435875375066
3572.6643280360063,463.481490126128,124.0,9858.979228251883
3181.0106529338304,390.319415395086,124.0,9729.733515468166
5734.090649139086,4726.548017578758,124.0,10626.290136002533
4138.667294973642,15204.301537196152,124.0,10129.455519803034
8605.755888189919,21371.361892221805,124.0,11554.947901103875
11874.339566227936,11222.290981439377,42.0,6915.4860440109605
13648.261635221117,6619.885010955668,32.0,6784.304122556557
12119.067046240363,5547.0547531182565,28.0,5983.488710517338
10720.633071426253,3222.5760724840065,25.0,5308.772038913505
14648.331264533937,4803.529249778079,26.0,6693.600939318232
10535.439657434345,2884.1344513265412,20.0,4892.096937564873
6298.139235061796,3479.1546619726346,15.0,3131.1666350439696
11298.950196120331,6872.359010784887,29.0,5785.66173713569
16809.56292321811,8517.461847220486,51.0,9158.988415208956
17729.97789588611,4343.932401011387,67.0,10635.391465823077
9113.927104712562,5265.492863963111,83.0,8931.221056161721
18201.048835562717,12431.720316896153,90.0,12438.392177224527
24972.030801067765,10819.172392820632,91.0,15226.15000415708
20578.790074625744,7789.305239492034,124.0,16780.37276573763
22383.786717653984,4341.787854293858,124.0,17600.465796859728
19884.810668903163,4561.781943392132,124.0,16178.101910564352
3348.7023961648288,445.4801855610063,124.0,9829.577090153589
3527.151237001223,0.0,124.0,9974.129752282617
2918.853009469351,230.33907793338102,124.0,9660.07305352585
3241.3955335953747,368.91878576278685,124.0,9778.390757745006
4606.462450156315,0.0,124.0,10200.132608551587
3389.5769805836107,5487.779781427917,124.0,9802.02928532181
5356.849028922295,16738.104932797327,124.0,10519.715763635266
11650.586561335616,20087.140836933693,124.0,12616.155874898015
10518.797244258349,12449.057328267392,32.0,5739.39626563291
11066.032437835169,3433.4122599055368,29.0,5733.606550109324
5783.988327404371,3153.768179481911,25.0,3681.3996504386578
14490.676769440453,3384.177546686555,30.0,6893.609296957807
9372.7929146012,3294.184204199166,31.0,5304.5117083540445
11070.021420001878,2611.2762546601393,30.0,5872.657662359538
11948.11716181322,2060.9100929606707,23.0,5602.613788225198
7863.448550438935,5674.527742894243,35.0,5063.438516272384
11226.283951750376,9395.836790817852,59.0,7883.835738575733
16452.22346438764,6759.708282273136,73.0,10586.276251179112
20449.78843656133,6382.728555842054,89.0,13109.313461676098
22922.041886102903,10132.998491667458,80.0,13241.601817789973
18543.294115454923,7127.207922224576,80.0,12185.530123819279
20585.010201561225,6167.429614342812,124.0,16737.15414437507
24072.918210801075,5023.24053848864,124.0,17877.64687299375
13205.54183222509,3399.210420306896,124.0,13980.829846919542
1800.8562111705019,785.3534795224045,124.0,9274.282549686268
11194.572383901748,0.0,124.0,12560.131211207523
2524.458657142941,40.113919371614855,124.0,9540.737881837375
2965.1224768203215,480.2766965745638,124.0,9671.10058367442
2585.2784490298377,102.23907076902688,124.0,9542.730115537932
2781.7013840702084,11498.840772293259,124.0,9639.505844097663
5237.3763880261495,22052.78657124278,124.0,10471.01896395878
10260.95665960941,27207.70167414559,124.0,12111.48401128462
15783.213829984885,14290.042778454723,43.0,8281.343969585962
11430.590588724308,8876.290021135908,40.0,6632.339925181
13777.313768382923,5926.314686218773,41.0,7441.154848461611
13864.832293991483,5891.3900199735535,33.0,6928.218361418164
9543.378107281593,4956.44667996553,29.0,5225.150974438346
12213.050775094203,5327.033098364312,26.0,5895.888502473654
12896.170045462053,4074.1681521977607,27.0,6204.493646524082
11898.433698278495,5474.398042338715,32.0,6222.5267788869105
10454.602392584391,5256.618656480995,48.0,6854.330667570999
13451.388408830766,4883.867727163496,71.0,9530.947621525616
17221.45153648859,6728.8046118054535,83.0,11622.234267732943
14714.712217211752,9162.422769346087,89.0,11207.40939826777
15163.559727427606,8682.196297665687,83.0,11427.686557158144
29778.392825969164,7116.288895894897,124.0,19709.301185879893
17747.464906736863,5066.777947497119,124.0,15957.842116368838
14106.897087926342,2034.8448031059158,124.0,14164.109404018396
1800.8562111705019,259.0741064562152,124.0,9274.282549686268
2848.7978652222832,0.0,124.0,9661.516147858385
3309.862727665839,0.0,124.0,9772.25470012973
3022.1590642185856,31.818432456875843,124.0,9677.312491192133
2867.716872991083,1012.2681875002881,124.0,9630.971853396935
3310.7389976173527,11545.800061734393,124.0,9875.093785664862
6298.733321101639,18931.239353107536,124.0,10881.481933208755
5650.398046426994,29729.281812064477,124.0,10657.556088734984
11678.139187224708,14095.14357879342,44.0,7000.141556269275
6835.969814374644,5602.721141700074,33.0,4614.4457623708195
11317.695875216614,3876.0235893115405,33.0,6103.595376806118
8322.134850019898,5986.08782392169,35.0,5253.615906779716
8251.444325801285,5931.125126992229,34.0,5186.620228732124
9428.697002162193,6374.040052734503,27.0,5091.487937471529
12905.746880469505,5121.1736036758875,25.0,6057.214276901017
10966.236167490406,5830.7471663075185,44.0,6757.270998758693
22097.336427698523,6774.99571292332,64.0,11850.617788058476
15110.14056422904,7777.141462695288,74.0,10378.084886041946
12846.402537625865,5265.339223823571,76.0,9754.772745575667
11916.308139177007,8468.178988587297,79.0,9583.946138089097
19151.999928280133,9714.59044953709,72.0,11878.751428991416
15344.840090680938,5943.337493714568,124.0,14852.259169600791
14930.530124118704,2842.898399012536,124.0,14649.49457797579
13682.745478454533,1069.1465141273416,124.0,13931.746435696226
1819.0882292784372,0.0,124.0,9286.133361456425
4878.8065432900175,0.0,124.0,10413.894139509028
2935.47080151446,0.0,124.0,9648.705364499774
3038.215790001386,0.0,124.0,9682.611210700457
3515.9563469066625,432.0571423377841,124.0,9840.265594479202
3594.8183561369638,8328.841916474763,124.0,9904.892633058791
4949.612224938217,29981.085730856645,124.0,10329.004143173186
7687.332581786826,36522.51304178151,124.0,11229.497671531444
7839.434641785733,15433.21189786072,39.0,5381.1508105485955
12492.885247293581,9069.110920234645,36.0,6672.304766653211
13221.982612091153,4761.262179228539,31.0,6618.992381925592
8444.592531917475,3014.198905018717,28.0,4798.619197611676
7401.628789012413,4188.471340800449,36.0,4989.843477542243
10770.593354051098,2482.1784782280524,26.0,5425.916768535109
7801.672055400285,2923.867213432739,25.0,4355.456828395029
14626.332095304371,4958.681431617463,44.0,7940.375855110866
15170.106604792716,6401.115141969111,54.0,8836.004892302546
16439.617070201803,4154.682044123982,58.0,9559.566195922516
13700.75829931803,9196.830876487804,74.0,9828.953309436842
21216.901560623333,12508.0385485443,81.0,12743.892669672266
21924.316788175616,10482.37356504469,80.0,13367.458327026161
18028.98972331604,7230.583976936651,124.0,16038.744005021372
29990.453804054698,5731.620262089994,124.0,19958.208869650174
16435.893343055024,2670.6299418911335,124.0,15030.131773785659
1855.5476606817942,0.0,124.0,9309.831991868608
6392.938404721959,49.642252004394926,124.0,10933.593245046397
3570.069476647152,217.99716027813653,124.0,9858.122927293565
3378.1359162114654,0.0,124.0,9794.784852349787
3662.887169063315,793.3647968303412,124.0,9898.087655794967
2705.2436596578254,8008.7285552547,124.0,9637.720229162924
4706.282641345164,12451.289256675664,124.0,10344.92233349441
9342.24750901982,14676.375406290963,124.0,11802.958662442637
3853.105684071835,12976.65593292465,43.0,4324.089757002471
12014.740040946554,5430.5245390212785,58.0,8076.007475856025
9029.500552646177,5813.524695977818,54.0,6859.759577623109
10643.984756651409,6056.978937508662,61.0,7927.939201460514
13082.498069562977,6401.914934240715,67.0,9087.558398560639
17615.276080155585,5999.891770129339,55.0,9734.89317543464
8692.969706910033,6160.43909989136,49.0,6346.673207127956
13030.500248099494,4551.719775793577,54.0,8154.468551425813
14504.830217038025,7485.577951105437,68.0,9633.310261927338
12054.15180196226,2987.9637240253387,78.0,9528.075652088148
16825.268336006957,6583.10628118155,91.0,12064.94162192749
13755.544093421448,9612.683647643278,87.0,10788.231894343056
18508.441219807653,12048.968691640035,88.0,12933.479965013354
19843.20905871738,9370.264770070713,124.0,16345.307594142416
19711.708807066614,7939.754619500102,124.0,16275.938679008961
17810.516902080577,4947.166371199737,124.0,15352.961319820903
1832.0816281933915,841.1768431216478,124.0,9294.579070751144
2980.1602734473586,0.0,124.0,9729.84676140522
2562.6309746519714,255.48245827431478,124.0,9525.668221635151
2852.4532475273477,180.82135301257173,124.0,9628.403912274634
4541.282614572156,81.24134866098564,124.0,10178.623262808813
2579.582551573584,3239.9454658863447,124.0,9563.734396142769
3211.2990843885977,7146.05278054898,124.0,9750.857314462837
7586.574225338633,13851.550013621278,124.0,11183.56949436175
11675.332315390782,13904.414482318674,54.0,7664.885131450425
10861.891965968129,9217.921993747039,64.0,8135.288628242642
22168.31456627179,8091.192103566663,69.0,12268.384566189407
19978.57276089487,8796.52961411923,58.0,10757.43372707767
10852.518364633695,11147.21786625851,59.0,7789.188262229466
17790.353716374873,6578.783874337497,64.0,10430.101977242844
9964.974433108468,6984.825730364397,57.0,7340.766696664247
7213.572732070544,7969.974290773521,64.0,6894.879966020353
12863.81268175021,5498.386368028323,63.0,8698.408986674825
15804.963361186834,5052.191269080466,68.0,10092.53733663882
16553.813905555136,7756.598467807595,77.0,11037.533015251414
17295.157517964843,9325.863045159107,84.0,11757.178795735676
16728.707816182912,9841.783673561426,83.0,11986.567101781126
20432.607422286193,7099.459378957127,124.0,16761.557470633372
24253.513488090946,6760.713820520788,124.0,18028.379805118966
15025.808012552332,2742.2161805046103,124.0,14656.82056804205
1863.581223613846,318.60479932278395,124.0,9315.053807774442
3941.0625339056496,0.0,124.0,10041.804811240605
4389.43519906815,0.0,124.0,10128.513615692493
5034.180012234897,243.84108946112292,124.0,10351.578088480012
2950.55990676149,13.157900431007148,124.0,9666.741411165063
3410.3205053589895,4637.3474252385395,124.0,9818.508978059572
7801.491556347578,19316.039174278332,124.0,11257.856958234941
5697.921794890689,24333.818549609245,124.0,10563.678936954168
9459.357346913903,8817.967778964652,35.0,5618.4677248118705
16743.63015268955,4347.881967593606,30.0,7653.081344650139
10672.74106344166,3928.2255803396306,29.0,5637.04129567457
12227.988992382261,3762.8157603204254,32.0,6367.263483248093
6973.658873794428,3843.6013113049785,32.0,4586.5673507104975
8428.14450187173,4228.454370413844,33.0,5127.722971949055
9206.459523160858,4790.075932144995,34.0,5432.8563397812
12524.529851728015,6127.236486934623,42.0,7079.453797959844
18439.214718648385,7679.539742086394,60.0,10352.970649951498
22978.9282527326,5518.43643092563,73.0,12749.241687981506
18452.456818384064,9830.195945746702,80.0,11765.157846111008
28778.75177266398,11438.93722325768,76.0,15018.237205005551
22398.611157163385,6875.856299060955,72.0,13496.909640574024
23830.24010869043,6849.019878921906,124.0,17710.669678646293
31296.03374166947,4507.426878507002,124.0,20257.161177845963
12357.963746311147,1829.0625924438236,124.0,13524.712433279681
1816.0495595937814,609.9379265988866,124.0,9284.158226161398
2656.2825671759524,0.0,124.0,9601.983126935564
2719.5079669650745,0.0,124.0,9577.437629098476
3005.080357833177,347.78677253164346,124.0,9671.67651808495
3197.7376069869265,0.0,124.0,9735.253410305688
3527.7437683799726,8621.87462793508,124.0,9895.807337241064
5993.982303458809,22042.642493482555,124.0,10781.600470340743
7977.621152395293,29145.73380307052,124.0,11360.871796962228
10148.34268518181,15696.426782866005,36.0,5916.196647982299
7266.117131377145,4470.822582697061,29.0,4485.059559244695
9760.92302843527,2559.3962673726182,24.0,4905.955046575162
8225.723926673445,3751.683586910367,20.0,4143.404344144126
5992.214436391081,4952.120605464962,28.0,3943.806513946214
15177.151715977418,4330.427181730915,31.0,7200.348756852056
8438.31505427542,3336.144615614166,31.0,5008.896620580227
7073.262191659402,5658.542447357749,38.0,5021.29859739332
11843.893906883997,7097.637122676335,55.0,7831.441557058028
18830.501083881783,5766.422041543697,70.0,11210.713594104012
12439.630459470249,6842.304570724319,75.0,9416.757402855146
16238.305913543107,11221.235346278732,78.0,10898.692725149544
20610.79347749117,9286.23703994484,76.0,12659.251359434404
14527.281649962231,5654.707825874722,124.0,14634.401347390316
12886.677086568847,3334.8551823973658,124.0,14123.130775018672
14067.123028615966,2574.6195134598765,124.0,13995.107213829837
1819.547456624719,201.065777250131,124.0,9286.431859231508
3089.933386919834,0.0,124.0,9772.046886495493
3317.998090651016,53.62242922782898,124.0,9774.939369914837
3590.8173887932626,0.0,124.0,9883.592789256458
2998.377672771711,274.9228994917124,124.0,9675.464465541027
4836.139262119695,8678.501735941134,124.0,10313.18797248506
4885.860126162762,26762.199399536912,124.0,10435.414877494064
11279.035616969966,21976.354398648815,124.0,12487.108781781484
7640.825211520413,11992.54105812746,36.0,5118.1853963192925
8460.340382260616,5442.738286984835,27.0,4741.530071248725
12060.285542609643,3094.228352921829,25.0,5761.27329670121
6910.578652659573,3071.112787662571,18.0,3568.088276245642
13000.360015531287,4619.737191917375,23.0,5957.656369250221
9058.425137926175,3779.7984011953076,25.0,4787.567984364357
10910.84292869309,3596.6113724219917,25.0,5378.67643917892
9786.064403030246,7374.835320717407,36.0,5795.3722701807965
18047.766685129773,7188.174517626812,56.0,10001.476144969234
18623.81608985639,7267.023788960651,74.0,11417.516235211166
17846.558841306785,5699.210052891945,90.0,12279.463120418772
19889.805663994546,10894.392482272166,88.0,12798.802162805217
25201.985853499224,11382.93213018651,89.0,15314.558066940126
25736.181698697357,7188.277375452841,124.0,18746.658788937213
19180.295196537674,3650.416238667444,124.0,16425.059001904676
14706.178862277036,2865.555232341712,124.0,14154.610930251876
5182.189941976059,0.0,124.0,10403.609257721035
3383.1124878954865,5.423683469990889,124.0,9821.418348807332
3137.130203250591,0.0,124.0,9746.88310917673
2497.68220321962,143.42839921688042,124.0,9505.202954843533
3404.27309731186,262.67457250704365,124.0,9849.440305365964
8470.525321509282,9370.637582284833,124.0,11543.363303071043
5628.1194964691995,22727.94485460122,124.0,10648.249621411816
5774.908575321428,24201.963511751586,124.0,10703.019286411982
9183.973953951274,14004.026253096881,39.0,5835.753339313867
11532.139463662223,8537.768521968399,29.0,5855.976784328192
6419.2456597819055,2537.096837775285,26.0,3976.8712607030448
11265.070485148168,2552.636787313595,28.0,5716.231440023032
13328.674354762961,4422.580401682233,25.0,6159.451118713174
13407.481823208722,3140.584231605877,23.0,6061.125575612189
7821.7873833253425,5225.763692719862,33.0,4953.3293045025675
13230.41758276644,5684.560666958242,37.0,7062.925154934249
14534.65615182903,8331.694501589114,61.0,9184.459450138716
20443.853774331743,7143.050025596219,77.0,12266.351016068045
13341.06973952619,7827.484190966315,87.0,10627.265602366428
13104.055190553012,14196.422637018124,83.0,10260.31444063512
20957.79410651493,9328.23079006374,91.0,13913.672149078113
16264.181411153373,9146.977467080329,124.0,15419.031390373828
26465.99232360779,6511.322889775658,124.0,18896.923541021868
17413.593300509023,2581.0088063975177,124.0,15677.80588805289
2006.1174192689407,0.0,124.0,9407.702334950252
4236.640498337598,69.6022303327918,124.0,10135.91771730838
2943.9416746244597,0.0,124.0,9651.500752626072
3660.38747679696,0.0,124.0,9887.927867342998
3186.005443871753,0.0,124.0,9740.167947062131
3507.5104192232716,7448.171279367307,124.0,9844.430157027626
10236.17029052493,28697.746688886673,124.0,12096.878553544488
6308.289127113914,40147.65957911461,124.0,10785.713622289513
12212.949971727841,12249.837434498964,36.0,6611.519062102332
11674.132474715656,7293.818508578215,32.0,6152.454235380755
8691.06627207574,4484.713495930657,27.0,4802.874324776923
5111.722224397515,2784.2788293253625,26.0,3562.8839286325237
5817.6050591498515,4281.302423467115,22.0,3534.8071502012826
9009.558260865515,2165.536528055743,27.0,4929.753066362463
7215.8179549120205,4242.251333019634,20.0,3820.303026171035
9360.255600964536,6103.77937648495,34.0,5499.09958349479
13864.075004349199,7193.184502599762,47.0,7930.968876982253
16751.702580436202,5849.840363133201,62.0,9945.623148842757
17704.308805138047,6962.932835744446,75.0,11199.53138928335
16527.948178025694,8365.950254590001,68.0,10433.366540683295
20014.146274586376,8193.772090649356,80.0,13238.887840054103
16930.44972123099,7302.680644947539,124.0,15747.598884220499
22659.574429759312,4264.994007608543,124.0,17614.17146078001
16708.274266392058,4026.822511482487,124.0,14963.446546153436
1819.0334297575873,47.54076824163397,124.0,9286.097741767873
4409.8315241523405,60.44949899141987,124.0,10171.148780837244
2629.809015302786,74.61574704262117,124.0,9547.83697504992
3712.154371793077,0.0,124.0,9916.01567093613
4825.351304111424,451.87945140587783,124.0,10302.45980320114
4342.329721951897,3149.201978122815,124.0,10145.170957807657
3033.785686580303,6176.065369804328,124.0,9681.149276571503
7586.050721497491,18088.554855628932,124.0,11189.239537345975
5752.436705895784,12999.081724977123,45.0,5093.498462144272
13551.657330569851,9072.933814650278,65.0,9077.2295091858
16609.797146437475,7325.577516900686,65.0,10103.887397853772
15635.943177089122,5068.874905890351,59.0,9373.970229943901
18342.542261632818,5577.533040540169,60.0,10352.219006453672
23899.127028907824,4250.092247347907,59.0,12125.694240141982
11349.739595353507,6283.821016488474,58.0,7924.659049814236
14730.825423369939,5737.245463418587,54.0,8698.544585256446
20632.91347291835,7222.757810309654,67.0,11555.849391199701
17260.95021758888,5882.466074060278,73.0,10851.479202118699
20370.657852475968,7849.286298546692,87.0,12899.983943242945
17702.235701859816,11853.056499140583,88.0,12417.341355745693
25048.07742303901,9230.867322421384,84.0,15430.0294154242
32879.778813509176,5368.9949795822295,124.0,20953.916856269523
21707.84809021844,5871.805056154356,124.0,17279.85848241367
16032.187903099104,2998.2257493612665,124.0,14823.835192485136
1865.1931806532575,305.0072859086096,124.0,9312.368382775217
8081.004752740234,0.0,124.0,11517.753741019647
3512.3656032184986,0.0,124.0,9839.080649062107
3453.4745568469293,14.786870515594881,124.0,9819.646603759491
3325.6286968636646,405.0644922951857,124.0,9791.648350540547
5880.686765284132,4005.386833864947,124.0,10713.155037641087
2883.114880788558,9009.432412255805,124.0,9651.19578542163
2673.270016083811,12221.106135546854,124.0,9566.553273339972
11023.069505630901,18731.079813865512,45.0,6796.6732752562575
19143.27035374031,12066.18730240961,61.0,10609.302689779828
13270.831441342496,10036.233738620454,68.0,9179.247792666996
19973.66562521579,10543.246896998276,66.0,11298.01645417627
21509.662540863446,8923.274058259278,60.0,11367.671435877539
14166.563524494535,10372.218969622874,59.0,8912.290298145112
19300.866363899437,8758.52872774365,67.0,11166.325559342762
24249.096463676717,8065.119906436031,63.0,12556.475846327015
14025.590911259946,8353.718811990693,65.0,9264.158225813
17514.48803452389,8385.908289980143,77.0,11200.24575361396
23884.75113183538,9120.940760015386,89.0,14210.925692330029
15463.499001414231,11817.780196480577,90.0,11492.391603565466
21953.758496004204,8592.804191657156,87.0,14112.994434670662
23987.14132171691,6884.276400608323,124.0,17959.359916546666
22612.714972138354,6556.301265954349,124.0,17455.973576129727
13112.719900107737,4417.494531707962,124.0,14291.956901628562
1800.8562111705019,162.75490506738424,124.0,9274.282549686268
5033.060769764248,0.0,124.0,10618.7006885637
3067.5695403375853,144.97206774925192,124.0,9692.297948311407
2751.7467739308736,76.13971348156532,124.0,9602.298651641633
2794.406174190035,0.0,124.0,9602.154037482711
2856.9998048150005,5659.731017615522,124.0,9627.323906454665
5164.577744972489,23044.278014931955,124.0,10384.310655840922
7955.762281701977,24917.669668605547,124.0,11403.381144931425
11685.045343058759,15864.397989236813,52.0,7564.551288531075
6191.867613158594,7425.173898766561,33.0,4415.350474554776
5991.183139896549,2711.017084244142,22.0,3527.6639554500484
8147.073028194729,6960.90811925729,33.0,5042.037738271087
13641.371763799636,5595.330748753249,33.0,6848.0815216282435
9586.076550205098,4017.2472575932743,34.0,5573.430525315632
10234.582625791896,3993.7958146400756,33.0,5711.646262297794
9474.266265923492,7157.963879206528,40.0,5951.197861552488
10653.565287490548,8402.020477102076,54.0,7379.083532926237
18422.111627747927,5197.618484219536,67.0,10852.957776913257
12969.67137965513,5637.93053534627,74.0,9557.062123367565
8031.530979353566,9903.34944135162,78.0,8157.763096013677
22120.30358879934,12530.124385698824,80.0,13412.265536062296
27392.090032386433,5339.117733670026,124.0,18970.252274047773
24615.761044946896,3675.706871833031,124.0,18094.70058480132
23433.010998876445,4258.345799439773,124.0,17314.65546132816
1800.8562111705019,178.77060734617214,124.0,9274.282549686268
6915.016484737175,0.0,124.0,11020.300097311403
3436.2911182949015,0.0,124.0,9813.97606903732
2615.108227621123,0.19810933011273543,124.0,9542.985715114972
2543.2969752830136,341.250522379453,124.0,9527.699863443995
3387.1533820756777,6898.498089789227,124.0,9840.53451750284
3288.412764360905,19190.368578696,124.0,9828.127465033826
15536.94515883222,23889.95812062652,124.0,13923.902732120616
13517.390213148765,13394.06950260202,45.0,7717.317400218284
10351.508104998125,6243.356806139027,28.0,5443.020295138782
9580.058720077071,4341.363068673263,30.0,5317.182677321016
14223.918030904913,4983.221223503351,28.0,6691.987055845574
10735.4299589491,3626.9609530472508,26.0,5419.4930212766185
7841.857475774316,2985.079744101688,21.0,4156.475716238848
5265.0884254245275,3706.3381420193855,26.0,3590.075818505225
4404.162457981054,3444.3949515974145,33.0,3807.734504305676
11627.023167437665,5632.202592305839,55.0,7723.729934897512
12723.655251017757,6958.402292746307,78.0,9703.746179087877
19644.521673650685,6999.557282316438,85.0,12510.20933805467
19051.31513692164,9792.49190820468,83.0,12220.705329163
23312.580011459497,8163.744167536001,87.0,14550.015578770783
23229.10526416828,5757.657112066573,124.0,17853.51100618017
26450.54371884169,5982.830810534581,124.0,18745.315830459822
15634.380298589189,2909.90588520132,124.0,14638.89251496916
1836.5719828557114,653.9416149207702,124.0,9297.497801281654
2689.8547227230906,0.0,124.0,9590.32061793261
2982.658095044986,408.1288798811535,124.0,9717.799350332005
3872.5490044676835,728.4766633417457,124.0,10043.006440401754
3088.160000215374,1229.9522896253816,124.0,9709.061217058452
4717.392434439078,8239.355374766143,124.0,10327.747254985868
3135.614803033553,22999.34295089444,124.0,9851.369101907465
12507.252477472848,26195.04900749984,124.0,12920.438890053825
11896.779455288188,9186.936135012904,39.0,6760.781961432958
4903.5054259219805,4166.451132897785,27.0,3575.8688816646004
8003.409882978109,3435.232783458134,31.0,4857.025062043368
15862.360504233213,4017.6578224086516,30.0,7401.488954854072
9625.924561337975,6682.440021709849,34.0,5591.372669142177
9326.428515637017,6711.169520896795,28.0,5043.202253521576
8578.250215108232,5785.647217108806,34.0,5267.095381306868
15296.855668300539,4854.297640998786,33.0,7412.661896875692
14949.483710391893,6304.922802337012,45.0,8112.326011800384
13045.840655578231,4443.454474784433,64.0,8831.30440546967
12213.639433242162,6396.36732767895,82.0,9864.139630146623
13860.562946971466,12402.017462600643,83.0,10553.992587985715
21834.385371753342,8505.989909484113,86.0,13977.412856379304
24890.19416814749,7652.0836020696925,124.0,18136.99337547408
23260.84524684108,5521.273315428322,124.0,17862.472173855265
22535.63430633971,1485.433805112789,124.0,16778.9516485061
4407.261059813805,313.91266162022947,124.0,10134.396149738559
3338.1644120216847,125.71496142608423,124.0,9781.594255967158
2896.3896226915126,118.3669304460287,124.0,9636.711369661345
2774.660447804701,9.616528237859407,124.0,9601.053589837595
2719.2324714137894,0.0,124.0,9577.346715566553
3355.7051785003387,2611.0938212358706,124.0,9802.200939426506
3429.9705088276896,18826.704611379777,124.0,9834.423252294693
11663.201248054118,18444.54238904379,124.0,12574.419754997802
9439.815688212146,11327.028602624932,41.0,6018.838697162417
6966.789509773278,5297.270359014844,29.0,4355.534271695135
7150.441239810791,4407.667975101992,31.0,4550.435846005959
11159.121112252029,2654.063227542862,26.0,5525.682371481693
9124.004052534432,5261.698202604801,28.0,5023.33241839213
13707.184755680819,5098.469825169693,31.0,6697.233916519713
12364.122782632652,3711.2015486343453,28.0,6056.190232445654
7171.434295749041,4726.746984801317,38.0,5033.940609377286
18632.05838401369,7393.775226272643,60.0,10414.549378508316
11471.655035755512,5792.61535345527,79.0,9413.806019392945
12043.60686767524,6161.809280152619,88.0,10264.455934809777
18397.694497792178,11407.311407501498,85.0,12131.93987757394
16144.722868066896,11032.047784806044,88.0,12247.2471841911
18676.119686743936,6351.319338622317,124.0,16272.060502056387
20913.036894643476,4161.086931463579,124.0,16840.84552176899
11511.28638413448,680.0124642887464,124.0,13047.991288363199
1819.629854685461,4.2698854984094705,124.0,9286.485417970991
4650.790030981033,0.0,124.0,10224.08061172111
3073.2563920394796,0.0,124.0,9694.17460937303
2479.2263030449767,356.0439986831198,124.0,9498.144680004843
3516.2453513461573,953.7524703854074,124.0,9855.812754524397
3135.489159045939,11414.586817706502,124.0,9816.559130993111
4896.302747686686,22699.157555758586,124.0,10412.944828363861
7237.003349064728,35114.10761800831,124.0,11134.600954398762
15354.58612298658,12187.95139534759,45.0,8283.261279862865
7372.192437829684,5282.646271810805,29.0,4510.851956592605
7893.713166361917,2395.948702228442,23.0,4219.439315765147
13823.660516913316,3294.402184029669,24.0,6274.236319527579
15409.385553965474,3584.3522774836674,34.0,7499.031939047981
13151.095594467217,2989.892137917877,36.0,6925.46459850081
10749.463449347235,5875.732344585781,35.0,6066.644067948567
14520.081083494462,4908.862316123273,36.0,7427.270998466982
10037.464963640108,4952.298852730792,41.0,6215.806340935563
11125.112046094697,3804.5712259688726,67.0,8374.240264756549
8582.415500763438,6286.5174274692945,72.0,8010.460132239499
19369.426791216352,9375.0583370775,76.0,12015.863642347527
24413.22180021905,10930.909770068152,79.0,14739.153059020035
20084.33933244807,9310.304551986976,124.0,16782.717780570805
23237.990748934568,5176.004262167837,124.0,17695.552320382052
15408.752641990062,1737.045149511844,124.0,14408.87194646842
1905.6036686090608,0.0,124.0,9342.368397021331
3005.5031145782564,81.44401480170588,124.0,9755.254410304598
3181.1709321106023,0.0,124.0,9729.7864075965
2894.954399372237,50.56231969011327,124.0,9635.33495179284
2741.9887873780112,744.624818509693,124.0,9584.856299834746
3399.2679910419133,7635.620912088951,124.0,9842.592453309202
3810.077047584366,8447.10189254197,124.0,10036.798288295124
9362.423798246813,12245.112003243836,124.0,11796.564134588923
3683.6307600693103,13125.97095110441,54.0,5024.530659365542
13853.168752044165,9306.126399753864,67.0,9319.81298636977
15224.55755863938,8261.820410756765,55.0,8942.820215782005
12006.011028721186,5494.94445762535,53.0,7719.619199705047
13659.306680978581,5078.53713555721,43.0,7611.353486925094
8940.957010344451,5401.503254412114,48.0,6358.689727727935
15326.817953150923,4995.726305749638,48.0,8471.644970458192
7726.994235123771,5181.349312866727,50.0,6110.613881964256
12829.309939854491,4993.5372370472805,59.0,8441.858413033271
18352.91047133875,6445.875159795335,72.0,11158.444313987648
11745.81970490168,6985.339953570938,81.0,9703.435725611313
18140.738442542934,8374.025523986791,78.0,11549.877563272748
21857.359725721068,11287.02087149198,77.0,13476.986082937778
15198.02361151407,8854.96442497025,124.0,14954.35180012248
19617.06507442774,4708.248372757559,124.0,16492.45751602414
11344.943104706137,2638.1968748213103,124.0,13235.319361612914
1875.6173389177438,267.2347639705986,124.0,9322.877282721975
5273.3633064266005,0.0,124.0,10533.488753008787
2470.1080629607604,198.8580500073731,124.0,9496.092023267627
2627.053697483809,69.68156483136119,124.0,9566.216252352733
2394.2309163814216,0.0,124.0,9470.09620240587
3336.2312623462517,2378.1225696152696,124.0,9780.956316574262
5025.6972753492755,6061.7344224733615,124.0,10338.480100865263
2982.061566867622,13693.411398297174,124.0,9668.747762068351
17182.31533118099,15134.39848139721,48.0,9103.361479298497
12956.018806537559,9603.273613427082,55.0,8184.314629493233
13489.097872559303,7115.258573542412,63.0,8915.445063354382
17864.625825525098,10179.145117661108,62.0,10360.642645295748
11619.07484007996,7124.726142944522,62.0,8284.271366345323
14061.841854954419,6136.154625084499,51.0,8283.84802616214
15430.779425707573,6956.916823876648,51.0,8725.548256602182
11213.76046724481,8796.550498698403,59.0,7878.6430857618025
13276.315721531417,7827.5628055722755,66.0,9105.705837335237
10032.934198342627,7184.957539916286,71.0,8402.15630680387
7599.072421179028,3850.2894188045216,72.0,7643.086979785624
10756.156219303906,10582.837103334816,87.0,9705.156580897656
18228.1362701917,8161.395211763926,91.0,13130.284696908677
27342.988841330123,6942.85160670417,124.0,19240.344024764516
22345.14091820359,6503.83136823823,124.0,17515.87563400331
19423.393163823308,3535.1846024802576,124.0,16132.288764803221
1868.7542847549748,780.4480616360903,124.0,9318.416297516176
5400.7617638829315,0.0,124.0,10650.175797090626
3899.008188006627,0.0,124.0,9966.67270204219
5334.154236029765,0.0,124.0,10440.270897889823
3183.618846241916,450.0071782700718,124.0,9769.662878263587
6173.65516901137,12544.297573011245,124.0,10722.155568314776
5181.020002794738,20541.99634622124,124.0,10524.432935749612
4866.7392346752695,22982.08718407415,124.0,10373.846608526375
16609.248911970615,12703.140670197958,40.0,8362.674378544445
13714.476055494553,5041.110569645091,30.0,6652.855493570092
12138.120484136798,3018.355161482592,23.0,5676.605366330584
11252.204153772362,5025.69334916758,24.0,5411.155958176418
7002.606919970355,4321.076059086,28.0,4337.548886407637
10985.641582038028,6277.475511346508,35.0,6114.882332642733
6138.408121487143,4682.735104955236,32.0,4329.624377882223
11672.92589837204,5958.689551508179,39.0,6618.5325872553085
10197.260536578764,6912.279193153109,57.0,7393.71123355177
16449.631529125803,6432.483211421595,80.0,11092.36047244794
22680.387324440588,4893.663686090831,88.0,13728.13585905356
18033.32177726719,11115.342495955774,89.0,12324.785647734565
24892.902749294182,9943.978883772963,78.0,14578.558201051734
30736.9970837057,5570.164229277274,124.0,20211.060359090476
25600.40501237267,4859.672299144541,124.0,18424.500365088712
11788.017368030616,1765.0838724788277,124.0,13381.556903051183
1800.8562111705019,0.0,124.0,9274.282549686268
3320.5146007068674,0.0,124.0,9785.339147141456
3876.5825967762075,256.3978741162767,124.0,9959.27225693615
3631.6281693741425,462.14340009974933,124.0,9886.084186445803
3019.80488643403,365.25163878649477,124.0,9676.535612523232
3214.7722363917064,4250.778991230702,124.0,9740.874838009264
3470.2757713840933,11840.112591649593,124.0,9914.207115921221
7439.634864870521,21156.684804661818,124.0,11254.474879890975
11792.888049522182,13163.776734362295,43.0,6976.666242071477
5892.584532525335,8612.88965209052,42.0,4900.989194956921
12256.857496880773,4237.754864342261,31.0,6275.7326541647035
10098.949839358573,3330.3331648303824,26.0,5224.290179135312
6165.05538468666,5540.816201450302,30.0,4200.388276845933
8578.220611012845,4198.757077291111,31.0,5026.708370630607
9710.48719061897,4386.261438608418,32.0,5458.9213129478885
7506.2065942271165,4793.758436301349,46.0,5709.843476575695
21849.77185213989,6938.1871490350595,62.0,11593.505638438332
10508.08869198872,7309.967758753895,80.0,9117.544489264672
32036.530492465237,6709.432153096919,86.0,16701.47139704351
20235.09846975017,12893.953260110813,82.0,12981.34401843305
27784.156360796547,12172.693946686635,78.0,16070.926425756605
22643.025477706407,5616.54304293419,124.0,17787.888400613312
22708.225107947634,6640.771331044534,124.0,17792.988283102455
18384.617112963566,4101.523373993734,124.0,15757.922637528834
1847.0773756322533,8.083296569312612,124.0,9304.326306586407
2825.572199270018,102.29134297134976,124.0,9655.627897122022
3335.449369308383,0.0,124.0,9785.623069560294
2959.3498263121055,148.511255682384,124.0,9656.585442682996
3173.455316433611,0.0,124.0,9727.240254423092
3549.2204630011065,15494.271588565409,124.0,9851.242752790366
5964.319625420821,24188.404146986584,124.0,10785.622029030654
9065.85506719295,25174.901407472287,124.0,11797.750966652282
17725.299983743404,11254.770085171485,40.0,8725.633491589253
9072.033830391336,5153.57268185541,29.0,5094.606102301893
8095.156076977642,3322.135407160471,26.0,4530.000746098495
6737.471888712618,4522.632070748385,29.0,4297.28919584636
11066.795243228244,6181.557789047931,29.0,5803.435260559967
11809.376136693872,3094.8016321189707,30.0,6082.5424980925045
3485.9876769029092,6069.001241170865,26.0,2990.208089288147
10347.754944381346,4341.8163781142475,40.0,6231.6659308676835
12009.448838467613,6700.890499480938,59.0,8124.637107374594
14365.6672606494,5649.859705913936,80.0,10460.900283314855
27841.674794369053,8028.290596942976,87.0,15510.585934589877
20678.643623418797,10977.113300548122,85.0,13456.919572660114
23204.69006870967,11934.121031536162,89.0,15255.3552407052
19313.109037947972,8064.21677521616,124.0,16515.3321665656
23976.034852506047,4662.397747688493,124.0,18035.169119424427
14885.886162333412,2480.7377860224497,124.0,14172.75862005002
1819.0882292784372,161.1299129312237,124.0,9286.133361456425
4725.311593691652,247.25100368832545,124.0,10296.869521932404
3082.110550258994,984.8230311557651,124.0,9702.14359854583
2673.4777099522394,435.4848262004554,124.0,9602.42128223086
2692.377371159185,210.51921185093624,124.0,9568.484532482533
2688.3334349664806,10703.541926069682,124.0,9592.503756469296
2562.8599364410343,24333.38077223885,124.0,9626.914758995339
9077.29932244476,30071.809720242767,124.0,11910.670391452975
17130.873613165943,13319.50845044926,38.0,8485.976600012438
13681.46431083903,4794.483334414413,32.0,6851.689244153149
9665.475999191798,2582.280249222989,25.0,5025.7270618470875
6376.923475674273,8248.469098702448,31.0,4335.409789797234
10220.571099861849,5473.150152944152,39.0,6166.120479877099
12934.292374103874,4848.355323137342,37.0,6945.3846398777405
11648.933020599736,4531.082544096062,29.0,5890.693945128274
15432.901938908642,4307.379040632148,41.0,7995.406633103231
11027.636317311328,8858.86125728761,61.0,7960.268451992888
10561.75451723847,7161.211886851985,82.0,9303.873563524856
22556.399625947495,8094.625951941438,87.0,13628.142964405159
23291.72300963009,9300.844971162453,83.0,13603.110654283068
30950.869427448626,7873.76234794967,78.0,16614.186417886875
22495.636914435276,4796.743693577002,124.0,17389.689790131575
21436.13486791041,4170.086854623133,124.0,16924.91087791957
16599.24345608422,2274.5183338233583,124.0,14757.656677489145
1861.0755494179398,370.19175530262294,124.0,9313.425119547102
3546.0612305466243,421.2656859381745,124.0,9921.459030970065
3119.0100128667586,198.3143279871593,124.0,9730.950986994205
3338.1534893686517,0.0,124.0,9828.06089986
3256.090328668108,229.2855249325434,124.0,9775.380293182221
2755.4720827970887,8521.461326508845,124.0,9640.173668152389
6170.078467380201,33810.30969791127,124.0,10862.652946795253
10779.200549627682,37014.515500304355,124.0,12391.469764462774
15198.479597425061,16727.78341241268,37.0,7683.353663194526
13528.365051514418,4136.710433020443,38.0,7171.009765031396
12948.35085195327,5421.188152335087,33.0,6600.593614910577
10512.305116151048,3833.908013465256,30.0,5635.304230467356
5739.104123512903,4781.6913234618805,30.0,4054.134389016388
10202.148766830811,3293.403657383099,25.0,5161.674452308944
5980.671731577935,4876.1932265117775,25.0,3740.4772000603075
6537.629459158209,4741.497026108205,41.0,5047.413544752341
12278.683208102211,6955.8478539081925,58.0,8175.441879333659
22433.927060383656,6170.257155478373,74.0,12718.045918399586
21504.727454271022,5743.806397254144,84.0,13188.499820566043
17496.284974019472,8839.30006141911,83.0,11785.101884798898
17769.131735414314,10244.527112898602,84.0,12605.64901927734
26199.83771791301,7576.511683083079,124.0,18860.099268552334
27042.904782920596,6316.056965404004,124.0,19094.581861949708
17238.704742669903,1555.650455467527,124.0,15412.046330142293
1884.1367816200452,185.16113010247548,124.0,9328.41492047847
4726.961864117522,109.13930847508212,124.0,10320.54495881957
2738.808116762109,725.9330046917001,124.0,9598.348453401166
4492.89872670915,87.06355991226931,124.0,10192.59380342559
3026.3318927953305,0.0,124.0,9684.67072316781
2971.3725877467564,4995.20006537127,124.0,9660.55295395643
3305.901328684168,11445.753834487497,124.0,9809.391202584404
7646.847152030855,18579.7303123797,124.0,11209.83531010734
9131.242557937287,13696.772790085393,43.0,6079.3184573715835
13774.555789684362,5936.136898195619,61.0,8923.951239287742
12010.648679639373,4672.051943597446,60.0,8272.304709364938
13562.209918674238,4925.31685566778,54.0,8321.705877063512
13379.598176456788,4187.240195556234,55.0,8322.560822220827
12086.666515783802,5268.079595934848,52.0,7723.342463900998
8285.898293545712,7087.651804683359,58.0,6844.222993192917
17590.571991193206,6473.493162936345,58.0,9917.846222867016
22234.670218575004,6878.169687505811,65.0,11962.846467553902
11816.81402440814,4924.733554392432,75.0,9251.110046816528
9041.851364057587,8119.285021241877,73.0,8220.88119592318
16741.472745355837,8616.491235016287,72.0,11081.380095150786
28351.84848772723,7979.579213582477,71.0,15343.733632984215
27442.171082976613,6294.122990686074,124.0,19058.273499903768
22760.955950541564,6450.336002638564,124.0,17405.98129670816
16251.923342647116,2052.0833449633174,124.0,14680.811307318661
1800.8562111705019,0.0,124.0,9274.282549686268
3841.94088073535,0.0,124.0,10010.333846367337
3617.7521828623308,892.536865173777,124.0,9918.756292940889
4327.022269928855,18.0883730939279,124.0,10153.799670215547
3221.189240662543,0.0,124.0,9742.992449418642
2648.2651584878104,645.5766807106634,124.0,9553.92750230098
3507.4443669939574,2636.9641164300338,124.0,9837.45664110801
4593.164024411599,16715.283062675597,124.0,10268.395976138547
14179.506421774582,14920.195454542589,42.0,7697.1931430190125
7614.0070900821775,7803.532689226665,63.0,7065.017166082734
13161.149308716087,9056.07193630772,54.0,8202.581780832348
13987.983480725346,11393.708377866571,57.0,8677.450417142525
16247.26645313259,9086.844129204377,66.0,10104.681894539845
15013.61773252523,10203.47230476079,66.0,9670.504416099166
21473.565645976174,7980.672643143685,63.0,11596.77838007428
16548.430632389176,10122.883399086943,68.0,10315.809771364637
13467.250275094668,6120.91026908805,75.0,9811.403360283373
24809.004900465763,4860.168077457695,75.0,13537.576817119329
15856.454685557052,6797.017071110879,79.0,10925.688549908693
16821.796044601735,9200.802907139065,86.0,11711.47135319496
16731.30203517543,7778.274283989146,81.0,11982.374180437193
25099.163628942268,6369.458830673,124.0,18279.23988105536
23246.992248265742,4388.895091447855,124.0,17638.646360077077
15226.75017059375,4685.873402634263,124.0,14631.652433642548
1828.001121610195,467.01761717709405,124.0,9291.926741472069
4785.609121841261,0.0,124.0,10332.313174141347
3563.159296480711,0.0,124.0,9855.842567838637
3206.458025705797,0.0,124.0,9738.131148482915
2944.877908815561,96.3802752987792,124.0,9679.919613576936
2123.604355154542,6237.030616696552,124.0,9388.27481417176
4537.745388129658,23526.165022545923,124.0,10230.035098082777
7988.413826819802,28067.115189931537,124.0,11393.376262239775
18042.07883793631,12617.229179511094,51.0,9582.980673084627
7931.966552405567,8001.901821273441,39.0,5379.1100529201185
19666.54845820951,5544.245256618907,36.0,9037.410191651084
11036.67923504678,6545.013049974044,29.0,5706.212765323007
4548.3097359059275,5564.613186896716,29.0,3572.647299521782
10199.446668839624,5941.782237202425,34.0,5752.681953790897
16056.43278595693,7049.101782433565,34.0,7767.925272062357
12804.18553947352,6425.796398214251,40.0,7114.905227484105
12492.480246244175,5773.566682739432,57.0,8208.69300587411
15431.391275063865,5423.049142951518,78.0,10646.763652128127
16216.55433138751,5877.8457969017345,87.0,11579.79134657056
20713.408472338815,12258.539054204277,87.0,13026.186846854078
20785.57837585729,10665.569194453208,77.0,13238.139941783265
20330.037027599417,5388.842686692377,124.0,16680.204109558927
25924.38308456306,4820.243107914924,124.0,18514.703588740154
15365.312608285247,2466.024225199967,124.0,14584.315858541302
3787.842166281131,368.87997004017234,124.0,9952.773291708843
3451.6436787609946,276.7101450305432,124.0,9895.134854300552
3244.8133400034694,0.0,124.0,9750.788402201146
4145.229208102214,196.5376516997814,124.0,10047.925638673732
2725.0786341507924,126.30516710753244,124.0,9593.942161046274
2959.4593089873956,8447.548061104615,124.0,9656.621571965841
4644.65752488162,19882.00402072829,124.0,10284.589300128298
5818.45256811918,23120.08523707787,124.0,10697.579979621096
15204.944706616376,15089.826237658783,40.0,7868.750924049976
12333.924029073884,8328.598865440239,33.0,6398.840325658061
19572.863941126114,4850.270356684055,26.0,8342.924129560344
9492.425919029758,4624.955290716763,25.0,4947.993271753427
5867.0904389865855,5007.544999853025,30.0,4068.651712365897
10480.016805990035,4638.487637386595,28.0,5437.957533802942
10466.729790710393,3648.174255399654,33.0,5778.12185788423
14732.106625867225,5602.074135323116,36.0,7396.10198849235
6599.848401018288,5940.607208832478,57.0,6209.7084348386725
15976.04796106416,6020.1421985182915,68.0,10091.882631270852
23206.215353724772,6486.111952389279,75.0,12989.394109703331
13006.501984258688,13559.024208440258,83.0,10218.059804495235
31279.31682099963,12111.911242656659,83.0,17381.437842822663
19333.144933423147,5630.167367278287,124.0,16546.685329658925
17603.260236748083,5209.402041128402,124.0,15828.940489229968
20248.07700570411,2605.2071537844836,124.0,16333.06498912619
1840.6071490973995,369.757721182704,124.0,9300.12065933875
5253.871014144351,0.0,124.0,10476.206722520677
2684.1666913153526,0.0,124.0,9565.775008134067
3039.5389655151184,0.0,124.0,9683.04785861999
3019.870291684172,52.14342357032001,124.0,9676.557196255775
2946.825774723877,10914.283553765712,124.0,9660.830021056752
5770.373160910974,30229.97765420352,124.0,10849.608108554825
9276.255445739711,29688.01879452466,124.0,11900.147939161749
11739.151455160996,11508.466058037307,46.0,7179.273691766937
16995.981162069726,6636.030458377302,38.0,8341.78168111679
6969.964662492993,4977.797984656319,40.0,5159.417657599819
9111.99202830487,7736.363436606155,28.0,5050.1280029249165
5940.382586566254,6369.3342696537575,32.0,4239.437871427556
11597.382242794767,4775.52880895088,32.0,6102.624774368198
10144.24160832308,3956.5904620995125,29.0,5414.7122817260515
8526.848082720713,7889.443135214721,43.0,5865.457321248883
14559.743918720236,6022.211634153499,59.0,9026.616748662005
16706.92022894096,6318.454550816863,84.0,11460.032052130768
23869.51585384106,3833.9129501640796,89.0,14167.23520280405
27490.495872058185,13702.522944852088,89.0,15383.149288248555
19277.05341738392,11360.726659710457,97.0,14106.378955900971
21104.93731685205,5911.188777011135,124.0,17078.307149497443
24651.655481168254,5343.470755386104,124.0,18317.931204048906
15368.921491351297,4404.256704949463,124.0,14633.92941531904
1844.5754302948276,40.414165288209915,124.0,9302.70004211708
3249.3514964576866,0.0,124.0,9780.991920589895
2755.773088883299,574.2910336850832,124.0,9611.573633804732
3166.9075477139677,600.1567732422302,124.0,9775.235754741312
3284.1913169791464,917.1556757529577,124.0,9769.837138440214
2928.590823891057,6631.636777235816,124.0,9710.41618124324
6263.04950623793,28219.755743264162,124.0,10966.184266215869
9525.100359573677,25344.774160932127,124.0,12317.883916672758
9548.300023800939,12599.797661711404,42.0,6350.904800957663
9788.759298706505,6657.466544479876,32.0,5579.6243586852925
9209.0088412694,5451.965960177407,36.0,5629.177039149148
12186.58838336944,5138.3292934667315,30.0,6181.863007217927
10662.259289238118,9794.564153892796,42.0,6535.723590223116
14993.614721289801,4679.950095045195,42.0,7953.674021378929
13211.874705129454,5421.30020671015,40.0,7237.394176805944
13715.280352059257,7300.913134784874,41.0,7456.73996726918
12903.07025883661,7298.924568087237,61.0,8595.814034414214
11569.272126181257,5009.375994096448,80.0,9516.197050691055
15991.212243730457,8929.337259464464,93.0,11927.221484192622
17889.234717695083,9680.95518932417,93.0,12577.166104598544
31755.645703559458,8714.129508597403,94.0,18246.070405329585
25678.55057779869,8282.79114097183,124.0,18711.262639713692
30978.39117715781,3713.003494395067,124.0,20244.690643108006
10749.199943097923,1630.51552635779,124.0,12881.607095994046
1856.1167123383493,59.373139060288665,124.0,9310.201875445367
3184.226659154443,0.0,124.0,9792.925008778697
3081.324009391681,0.0,124.0,9696.83692309926
3741.1976561002566,0.0,124.0,9914.595226513085
3084.90628295859,364.8557549999406,124.0,9698.019073376337
3329.1214788939214,8213.444028942658,124.0,9794.487259914895
2974.9322413407563,29858.11838344286,124.0,9802.793691955096
10421.883817085696,32840.82387969022,124.0,12159.315170176067
9865.005956978834,10220.73074757879,32.0,5542.877548863229
7715.222237394695,5276.56863351489,28.0,4527.8001318821225
5920.6877480055155,3972.3836021754882,29.0,4052.0913552403463
7239.127628549338,3348.4918695588913,26.0,4265.029791916299
9572.559296474228,4556.794570978109,34.0,5569.10896889052
7932.168687801975,4157.879167351251,38.0,5301.186323393455
9368.38324025301,4661.507603956635,32.0,5356.939644347933
9193.74404852113,4243.328765217712,37.0,5699.147110109649
10522.972733250079,7212.37606742941,58.0,7677.096227162063
16101.064467873442,6105.302342103298,68.0,10164.6979926018
14133.952127853023,8078.68328328145,74.0,9919.714158983998
21168.71577621529,12551.606176144878,68.0,12487.460774341866
20481.064990484316,12392.54635527159,68.0,12732.901226314505
18139.33828217331,6580.759090135248,124.0,16051.834125386935
16093.888835223182,4620.347138733044,124.0,15225.736376707055
12447.675511548341,3592.832636836668,124.0,13520.941624258587
1821.1889977814271,173.31184793996314,124.0,9287.498860983369
2454.9692638242645,0.0,124.0,9498.998968485239
3230.959816008261,286.9380231450001,124.0,9746.216739282727
2930.1891607288762,0.0,124.0,9646.962423040532
2885.835618203021,97.81406599705417,124.0,9632.325754006999
2903.8619570028404,9662.291685435921,124.0,9643.742155851327
4374.2453558522975,15950.882850563898,124.0,10290.92069018959
7545.3979233087375,21243.287631388503,124.0,11439.77034297024
13039.387825551057,9358.473507144552,44.0,7463.357999298029
16729.39824131394,7784.202021462468,61.0,9921.638919315537
16787.48817118767,5367.5830501263345,54.0,9424.023977205326
12775.202604330976,5553.496473008519,53.0,8015.98397832589
13919.928581160586,5320.238781764979,54.0,8440.121171455512
8184.851190125579,5680.352190910652,53.0,6501.530747494615
14867.7387434234,6795.8007237573465,52.0,8571.224905149344
10896.447591522827,6318.167283627888,51.0,7239.954803981065
11731.0638076113,7701.287636191894,69.0,8815.748503557646
15496.169331282526,5923.829378420487,70.0,10090.765779392575
18418.292762688245,8368.029875326778,74.0,11337.816721201772
18240.850843815424,10515.177341120441,73.0,11246.433217853722
15468.749681313713,7344.156104345125,82.0,11856.711465837849
20657.878564431147,6060.5243096066015,124.0,16702.917451008492
26772.09314476078,5298.461168170845,124.0,18812.029513316444
15915.455589145413,2414.955012184257,124.0,14843.105382217038
1839.852429052069,655.2390568499764,124.0,9299.630091309285
5091.529849293571,0.0,124.0,10452.278626505182
2867.306417688509,0.0,124.0,9636.28691770062
3033.257695955865,282.08233925141394,124.0,9690.619305756974
2458.6603701940517,375.90006767809393,124.0,9491.357922164041
3045.0032137475973,4845.802752796312,124.0,9704.005780131349
4296.03171525214,11158.251083734136,124.0,10174.327700245572
5241.920647224394,18255.598749096942,124.0,10575.340566039255
11534.459649493781,16708.24069752271,57.0,7897.823208608435
23924.66091770561,10785.082294017444,64.0,12429.017146091826
17067.779789902794,8108.24083691674,59.0,9859.10087862208
10460.195382121692,8776.85704028035,55.0,7411.132296749691
17033.609970014357,10057.496940937886,58.0,9766.125086808306
9383.683005051724,6064.436536702761,53.0,6909.665768372413
11538.2359347719,5949.421140484014,48.0,7213.55910656783
8467.920687586737,6167.962054136893,41.0,5711.851880017105
7349.721347528294,5930.598774623499,57.0,6466.3855900441085
15215.122337849887,4846.386190163344,73.0,10199.238964514347
11578.60487322264,7046.381275814151,71.0,8865.893219379153
12555.388517359119,9475.597365910437,70.0,9120.861244083064
16808.858083922678,7958.912826226652,78.0,11999.693283404955
14826.033757984535,5057.359702691436,124.0,14876.868959774776
26018.96245871251,6614.2174337954575,124.0,18327.41966694801
15416.17461925527,2111.177252829199,124.0,14514.361920742283
1800.8562111705019,253.33388676891724,124.0,9274.282549686268
6511.9318101418685,235.83308964322012,124.0,10897.779296640238
2995.8972445709082,93.83236087535819,124.0,9668.646090708404
3059.915843649634,348.4274516031146,124.0,9699.450506214947
3493.8108624366528,553.9507366531839,124.0,9844.919245739333
3012.8874680325357,7943.168815074985,124.0,9690.128811324385
3982.830908177818,26898.327122670664,124.0,10037.800529879438
11960.242569330543,26893.537940702463,124.0,12736.824693945788
15025.614448555834,11052.87595130938,36.0,7553.2835551009775
5082.052271622738,4452.000055467959,31.0,3886.3416778536093
8083.886699510805,4649.0664227664465,26.0,4572.784435470599
3702.6550345529868,3919.276641229789,24.0,2991.4392206035163
5583.450251857215,6345.981602574264,26.0,3689.4953708968924
5646.964353993221,7031.893536686401,31.0,4058.8747861594175
13474.545957966848,3577.0920030803727,28.0,6503.872588625085
11359.17559254467,6164.160801685849,30.0,5887.563649014978
19416.30380057788,6177.574257157619,49.0,9930.043067065997
24297.90144455133,7121.235355053346,71.0,13089.787643502013
16537.30922235009,5887.390166670331,80.0,11125.828350905635
13260.375715254526,9732.754408119248,91.0,10857.81934768676
28197.337339279344,13557.742233712721,90.0,16660.678561639852
16660.70137473861,7883.932605324933,124.0,15517.717279320128
21578.330403084095,5142.597456964974,124.0,17070.04178618461
20422.89779583408,2000.2984153807165,124.0,16193.139611093486
1833.7667098955906,288.0015254173428,124.0,9295.674373857575
2934.487464250486,0.0,124.0,9680.135206962459
2510.5680830972537,0.0,124.0,9526.649478933374
4121.57406849138,622.4982680394003,124.0,10077.206894932073
2884.791853804731,0.0,124.0,9631.981311755564
4992.879396771488,6049.491251200934,124.0,10328.666003713939
7234.32206432279,22935.891243424267,124.0,11151.073004009091
12674.992197031002,25442.016731102263,124.0,12902.742855781178
7474.965723262273,10469.026207323124,36.0,5015.53993671853
11156.596463663282,4453.567448689788,24.0,5376.2717011038885
5964.341268344201,3927.800642576814,23.0,3606.8830423953036
6823.6135461075855,5318.37507629941,21.0,3758.672061111223
6404.758072856714,4648.542513391003,25.0,3914.795936933465
7446.081856121494,5883.917513097572,36.0,5038.628728002114
15640.019214835342,3728.824049085751,33.0,7513.010491115277
15586.934446880718,5798.733090635887,38.0,7830.634354012542
8676.065608496781,8487.697820131605,60.0,7094.064328579914
14474.428529840803,4598.653513978546,70.0,9729.637810529382
17575.42909712167,6348.109917064383,80.0,11484.227047032058
17643.599604606414,9842.911731460692,85.0,12097.87599070919
26111.491837264606,9877.154414493594,79.0,15418.622206451064
11992.654651850731,6366.876485973224,124.0,13832.113617801495
25714.833996587968,6585.697248836483,124.0,18526.805154415862
18193.861898801566,1948.1525716805209,124.0,15558.977963012601
3972.0155261540585,89.06923262290657,124.0,9990.765123630841
2866.8828498057505,0.0,124.0,9655.986211735299
2590.123101071267,0.0,124.0,9534.74062335352
3368.587260573798,0.0,124.0,9801.29116385196
2985.7932305023805,0.0,124.0,9665.311766065788
3258.186799037887,4228.164038261522,124.0,9755.201643682505
7815.0452017075995,13710.572333148992,124.0,11303.788519142188
6448.206892640527,26408.98426273241,124.0,10965.111040945127
11561.441656027922,9375.906624071422,31.0,6077.401325841491
6708.0536585405125,4565.922474662462,31.0,4470.060888163122
9436.633714843456,3631.091448640451,26.0,5016.0182941049725
7940.06612813206,4666.5073153412595,26.0,4509.874042861807
9167.0666261784,4584.968292054161,34.0,5441.878520587573
13915.032701699192,5609.871073524902,32.0,6851.83952574579
7542.440564221514,3117.9714405845853,23.0,4159.204323804986
7981.424975433904,5324.283032987142,33.0,5003.68923629297
13705.839835452658,8864.432116692265,47.0,7857.567473191532
20800.648147943284,6701.125231541817,61.0,11203.22406524348
15379.655192587497,7442.916751503695,78.0,10632.473539571698
18409.045974889297,14013.046282254532,81.0,12040.971930820671
23442.905365864524,9647.40457556285,83.0,14843.600349980152
27894.92048251069,5847.838126807041,124.0,19373.904612621114
19112.070438598992,5951.671149755767,124.0,16453.58034635448
22855.817717453185,3144.3511136626207,124.0,17404.8834028226
1800.8562111705019,525.0320452654113,124.0,9274.282549686268
3352.510942310952,0.0,124.0,9818.887988399561
2959.1728081950614,0.0,124.0,9656.52702670437
3842.8204525257083,718.5213500974079,124.0,9964.328935275424
3731.879892926005,520.0229971992474,124.0,9911.520364665583
3164.6176980137725,11231.696598536395,124.0,9767.942100554796
4615.55919861799,29921.1681123464,124.0,10475.853455860231
12294.384417605594,28683.941719536244,124.0,13451.112086528063
11982.490567943192,17416.943311053885,46.0,7607.202093165326
9093.12691556644,5220.239172387124,39.0,5903.169291728938
16971.86044039587,6154.805845914284,32.0,7991.273765145508
11019.670578236499,6504.395433486625,35.0,6174.135102847979
11908.35769816562,8274.492416411638,40.0,6807.777693265459
13819.296387644612,4504.281391120578,38.0,7278.969358352653
10719.655223521151,3437.5958406900363,31.0,5776.390121422884
11812.24653996968,6258.95324594304,35.0,6420.270743777585
14665.915359835826,6608.995657015717,54.0,8665.47710782596
18641.96503945705,4135.936695998658,62.0,10605.296560750154
21786.391959950088,5879.082371067876,74.0,12542.41287152291
16908.669329844342,9309.90360305955,85.0,11755.807724290818
15907.347640876416,10620.34298681679,86.0,12454.797605219126
16726.668900348293,7432.477901439244,124.0,15644.422523810465
25343.949162544577,5645.2283841622375,124.0,18508.170684744597
15838.86211360077,3378.8625118155032,124.0,14809.980970689543
1828.12203905113,551.7520597362269,124.0,9292.005337808676
4081.7783045507285,0.0,124.0,10103.932378246407
3133.3610430688236,690.7088326536118,124.0,9731.353964124748
3121.906402174625,0.0,124.0,9751.012967522774
2351.76240619988,43.385764204586536,124.0,9456.081594045962
3080.5432221623146,6242.370929903537,124.0,9733.066736693216
4215.626049478191,29840.453450242552,124.0,10174.146645092263
11176.278797633882,36601.71736043829,124.0,12597.375872521296
12072.617093745986,16522.442202760652,36.0,6682.97180140564
10537.02738860172,4824.9580572463565,31.0,5790.3286334420845
9449.323814236817,2716.2318252248074,24.0,4840.4501842109785
8912.92010159487,3476.8483078601457,25.0,4691.263633526306
8245.146513983958,2992.741374174257,27.0,4683.275890967708
9873.591968718803,3799.2297858595844,25.0,5107.737267011514
13499.255421405092,3953.333197650313,28.0,6443.781379664243
6257.254120489107,5326.41368861186,36.0,4634.0334954038335
15094.250291824243,4082.532111291711,51.0,8636.565533796425
19350.952310155088,4605.082052988683,65.0,11012.508151954307
25407.52456305753,8589.57291751032,77.0,13836.009860324028
21430.772738395066,10055.462391427036,73.0,12542.32669937056
10046.963570776275,10291.738272319239,72.0,9554.116338062773
23164.75911807788,9260.950088588274,124.0,17602.68990714302
22465.51406624633,4099.9149930062395,124.0,17509.723086824175
12178.952583636346,1955.8424901230883,124.0,13786.731844495906
1816.7281295977837,35.08724096044898,124.0,9284.599296664
4364.213518946483,267.78938089658817,124.0,10167.454801486174
3375.3071735187873,0.0,124.0,9793.851367261204
2783.3953245548455,0.0,124.0,9598.5204571031
3403.7015239843404,949.6011217229068,124.0,9803.221502914834
4307.234848025951,5951.598170406247,124.0,10149.221731117328
5202.011843438216,10552.347639898582,124.0,10490.941390215668
7678.161077459268,17539.20208936607,124.0,11417.337025939563
16643.0684832795,10898.073558900753,42.0,8566.236246256532
13134.355465129496,7229.312348298854,58.0,8509.036723748686
9550.808425086734,5548.813981749118,63.0,7673.781035317757
17259.258132082654,6888.033959708362,55.0,9624.220502442482
15795.491482437414,5390.664843638613,54.0,9091.438862634084
11391.131584012597,5907.6719981183605,58.0,7911.867859367683
13785.542898864125,5043.831231767684,55.0,8543.733245834559
13610.717886458902,6535.355319308242,59.0,8802.949702097249
15969.08729718841,4911.973364536837,61.0,9646.005207603866
15054.741001030108,5087.020132414376,64.0,9586.599732284614
13303.858368632888,7030.972809399665,72.0,9541.587989893664
15139.78636873294,10776.680456091837,78.0,11385.414629721683
15216.649563975549,8818.20154187878,78.0,11800.57857734088
22261.125819421657,6003.806168001144,124.0,17373.93761045285
22063.20849739683,5119.118582282837,124.0,17362.72201861467
23343.680546780124,3419.920627068729,124.0,17405.498697689385
1870.0435652705949,984.9329862064372,124.0,9319.254329851328
3610.726983702461,0.0,124.0,9947.50048507373
2931.4182198875683,226.2070425439626,124.0,9647.3680125629
7286.436560300088,103.84691298293572,124.0,11084.524064899031
3978.454022118117,234.5731044606616,124.0,9992.889827298983
5037.998007583378,3783.8660096171006,124.0,10342.53934250252
4751.392824778709,12169.07874248798,124.0,10388.397158841572
5704.560125260431,17336.604987711584,124.0,10869.481923688234
14935.159599158838,15300.296560613064,45.0,8191.46479107525
6738.555154150601,12287.766095572091,62.0,6626.13701263235
9767.907836600654,9557.29468409928,57.0,7304.922068063377
13200.67044606006,6475.803616719446,56.0,8309.872688963438
9910.56950406631,10290.337956072515,62.0,7644.43009820933
9687.55592991289,7336.773892246809,55.0,7095.331680080856
18159.015546318115,8346.401453323786,47.0,9328.679333260327
16387.32908048154,4928.324324456603,51.0,9092.669380495963
14584.485098817087,7514.615869572387,63.0,9274.022680018465
15661.675699237972,3584.118469793101,80.0,10882.832996699306
12852.90951753771,6010.65545207411,83.0,10153.29110370818
16195.643634692053,9662.66661651271,83.0,11671.750316867823
25244.62003989146,12418.446419558673,85.0,15577.3886182671
21223.509450416994,7263.666638104742,124.0,17202.0010335209
24553.922683959026,4219.673848253365,124.0,18115.207220313416
16044.958121861957,2745.0872748561196,124.0,14930.511316577602
1805.999440579254,330.6005637709051,124.0,9277.625648801955
3270.791052873785,0.0,124.0,9759.36104744835
3783.8065919405894,314.38398591416575,124.0,9928.656175340397
3193.143825672199,76.28186887626846,124.0,9739.762427753676
3306.8146963270788,57.93492415472865,124.0,9780.972592778839
2734.4327697798926,7346.885270721216,124.0,9597.075657223702
8774.17375392042,20919.617857175195,124.0,11715.8336868423
14144.490167581736,23871.52557957743,124.0,13451.77399271938
6524.890994992893,12177.510477710517,50.0,5684.715388376313
7234.227940590763,4830.180735241871,32.0,4649.891805114038
13549.382748524347,5114.578174520285,32.0,6755.895249112131
14678.267871180118,5541.406023358305,27.0,6819.199480087758
6581.116830663752,6677.963938463229,34.0,4600.728564300741
13093.61319728579,3901.126646894092,29.0,6381.14117299693
5667.441740895147,2788.82337171485,28.0,3842.8265859790895
4643.211357465062,6210.699259090919,30.0,3663.651343594767
12451.60470739561,7483.992685682328,54.0,7929.244244333014
17284.469442553236,5709.48103681753,78.0,11261.241275784734
17012.141309904353,7634.411766533181,76.0,11076.492225910302
26040.92260445032,11492.21617949307,76.0,14434.745426584517
23277.29921123267,10866.099261651065,79.0,14252.746673858665
19494.674939607517,7029.019514408087,124.0,16523.61175080672
27214.717555135678,4609.702248660599,124.0,18972.62366407678
16709.39983083722,2262.779819779471,124.0,14867.318443933404
1800.8562111705019,24.762372353176275,124.0,9274.282549686268
3274.6009825932424,0.0,124.0,9884.596709830705
3084.1678568356133,0.0,124.0,9697.775392755753
3216.5449022226503,52.80552633230885,124.0,9741.459817733476
3148.8335619464942,293.1495435252786,124.0,9751.076917620916
3237.902897318761,6103.302926112835,124.0,9769.894906824125
7288.031771801333,19683.298772269496,124.0,11180.088865790738
7147.50492830217,23809.469086916994,124.0,11124.481899926976
12282.363169333947,16270.800036778177,44.0,7198.663138358384
10802.006995507181,6361.801830917846,41.0,6481.233545158199
5231.274374791739,4590.33023492905,38.0,4416.694752079435
7225.92366534247,3799.2829435374592,30.0,4530.099605333742
11260.524369617762,4346.8966970760375,27.0,5639.7291500837255
8241.702900906805,3377.196184687068,32.0,4975.838652937741
11944.12180323853,7682.97851857009,36.0,6486.8160390241155
8930.81520295087,7592.376477762933,44.0,6122.693874661368
18960.088652410115,7065.691487989076,61.0,10568.080413533506
13429.79872036297,6687.781665211419,73.0,9615.74626167922
20807.720595737064,4333.311959198613,84.0,12830.83693668178
15869.578230900754,11594.8426232441,90.0,12020.552847825067
19348.028667299746,11885.24747232236,81.0,13361.105997198374
26198.708153347874,4440.332900632173,124.0,18806.89496086108
21458.80563601489,4513.26792869332,124.0,16964.140104097263
15525.854889263497,2515.4841886489344,124.0,14600.37789099961
1869.2217313842389,344.4483668019374,124.0,9318.720137825196
3501.082106129834,0.0,124.0,9876.452980770817
3585.2956896974574,0.0,124.0,9863.147577600164
2913.4589153691636,177.48943470877904,124.0,9641.441442071826
3070.4533557222317,0.0,124.0,9693.249607388338
3390.535130308379,7952.104821894815,124.0,9808.520859093302
3525.4882646533956,15659.017801374695,124.0,9929.13326416461
12179.346036057794,19644.972856110955,124.0,12958.281799156632
12884.941143200445,14402.485591521736,38.0,6967.625929588279
9493.411319747978,6493.158187745884,36.0,5718.90841672234
13625.673062343809,4231.458526033163,32.0,6767.330098921093
8814.377970705213,8222.771390221144,35.0,5388.651902609711
11233.096690895658,5325.69341446956,36.0,6262.1181072192885
9152.259455751706,4675.38528469416,25.0,4807.641464318679
10831.0753604995,2638.2603244616344,22.0,5142.329540546843
11201.791385175155,4241.487300587446,31.0,5884.152288107756
7706.690973146849,6096.624006128187,41.0,5456.147036417598
14714.496539701408,6740.165007273605,58.0,8978.207625135386
9642.39896670302,4061.713125798603,77.0,8625.095883362685
20837.270157990133,7397.072043576215,80.0,13120.318226607911
29630.342894275836,11531.999221399677,84.0,16724.868059228917
25812.442746144567,9333.86408455707,124.0,18777.97257093151
24179.678509823425,6712.293096529694,124.0,18265.01364156486
19521.65088858239,4293.267521511764,124.0,16260.95976480099
1833.6348318421637,376.81590379737315,124.0,9295.588653122848
5682.036203209743,179.18381234693032,124.0,10608.51376349501
4995.952420050793,713.9475468225777,124.0,10335.04004855392
2753.665106754198,0.0,124.0,9603.251260098554
2788.9335729318423,0.0,124.0,9600.34807906751
3741.610808489768,9381.55705201812,124.0,9923.381593758293
5185.340963026334,28833.12526278371,124.0,10652.17448795166
10863.966549706292,23871.29191057136,124.0,12828.429839447732
9871.472525378018,14680.435925019532,41.0,6518.351009493499
15673.91003814154,5398.256222171088,28.0,7255.287206418173
8154.253783050165,4659.590116769945,21.0,4218.180063922594
5185.580829790848,4007.633640037353,21.0,3222.5979262217957
11297.351403353548,3406.317494502788,25.0,5525.801834531572
11653.712936727836,4813.580697070559,23.0,5512.150370047838
8792.37122056668,3424.977161130061,26.0,4750.805260299822
5192.710578221447,4085.254613392676,33.0,4043.3666695469033
14675.97381554811,6423.827960373213,49.0,8350.728707794953
9827.553789670903,5806.849872097994,63.0,7693.949502732442
18883.629353266144,6533.367606523137,85.0,12328.390375001929
27751.144117393273,13914.299757103747,82.0,15360.613730193625
16722.598747696138,10735.267523025475,86.0,12720.173281536447
27325.531546906033,7906.167841423925,124.0,19270.84008212851
20029.11746518287,4481.878061821684,124.0,16858.905084693568
11404.58351612543,2156.879917948569,124.0,13380.710582618209
1837.7555662770637,122.19332503266634,124.0,9298.267130505532
3213.6305017259638,53.87466040452322,124.0,9804.272100104592
3130.209063615898,0.0,124.0,9712.96899099325
3965.16788860663,470.3434229114403,124.0,9988.50540324019
4401.583081251533,527.2539275868486,124.0,10187.617507993056
2928.6475227579217,1545.7825729634615,124.0,9646.453682510115
4000.829195764546,19249.771893262245,124.0,10020.605989337142
4394.052440069391,32803.22425314933,124.0,10228.371663084363
12373.704903572354,12275.897995311396,39.0,6948.838598717817
6990.788010698201,5018.669812606275,33.0,4679.971469349358
11742.97002683435,4687.745894534886,31.0,6159.926810663323
6691.363496958756,3352.5680740429707,30.0,4394.3320718065825
9163.229239382523,4955.0818361807615,37.0,5659.581787169355
8406.344576426116,4898.056437469026,39.0,5572.549630888002
11148.80616902145,8521.532096532732,39.0,6477.049515020962
15487.402311708034,7622.874212631458,47.0,8436.772848021437
18339.70861103004,5812.817968871196,61.0,10359.281173928695
22039.023701908915,7247.4048525884755,71.0,12313.919178551363
26318.99511590594,6894.210625927152,83.0,14725.737784373934
23762.84981802615,12415.61385406268,86.0,15078.3192272237
24182.474913140748,11421.675617499772,91.0,16104.70605744607
22837.487812827938,6258.944027839849,124.0,18287.091041213163
21585.609095708198,6435.090892452001,124.0,17291.604109627446
15450.183724170345,2857.4817509853597,124.0,14478.728282316803
1944.4891838881272,0.0,124.0,9367.643981952724
2354.171260104487,49.53174796986083,124.0,9462.292157896525
3003.30181714513,217.08092074543237,124.0,9675.603570523612
3460.817019088502,0.0,124.0,9822.069616299206
2616.277176257788,705.9822017611316,124.0,9543.371468165073
5395.602782117597,5170.712818560998,124.0,10487.334173136143
3669.3991403063164,12002.588360049327,124.0,9931.525636172157
5577.103269561848,27263.45567513096,124.0,10541.255042564644
7312.292566990601,15386.169176384561,55.0,6291.875836898386
10007.612538819241,8734.115076677253,66.0,7962.591096228561
10097.850734874373,4984.559095017861,68.0,8165.3628301812505
19209.40071547993,4513.419156464314,47.0,9710.153685825668
11940.579010108264,7863.596293468898,54.0,7818.042437218566
11867.837596829357,5131.737085322414,49.0,7407.0470854543655
9583.599025529544,4740.472707803424,44.0,6356.983812085549
10130.99151739717,5612.989716763918,47.0,6697.560653815833
20162.885756299354,7907.468671308582,58.0,10782.775494958461
11167.346492111721,4168.641667870805,67.0,8482.328487713781
15643.574385636488,6156.940067902579,73.0,10375.485036439652
25124.601170656995,8422.004247484976,74.0,13908.496997794027
17119.1929861033,8577.873140714813,85.0,12829.748837020332
17446.52177099938,7784.946216528738,124.0,15913.803217238064
27823.45309222017,6607.421925109377,124.0,19340.833506448063
21088.76662797193,3786.491691434881,124.0,16511.11692177759
1813.2565551527614,624.5300419799984,124.0,9282.342773274737
5984.199707951602,0.0,124.0,10804.141611145169
5839.50370109157,205.07696813866494,124.0,10619.362671238721
2879.392279413363,175.1963786743581,124.0,9668.029074983104
2663.866612664225,0.0,124.0,9559.075982179196
3001.6362693970186,1923.1865708245587,124.0,9678.219108903118
3359.539928651275,9402.735409513862,124.0,9829.220553195746
5005.039963640328,11630.62862022134,124.0,10340.977044109304
11646.785845170149,12844.114387090998,44.0,6947.009375205541
12583.391580873096,9490.000513656436,50.0,7747.893410619374
16604.75623689533,6237.731813649336,60.0,9740.625468041271
14518.859483211985,8587.813734617208,47.0,8152.62915213866
12627.015646337306,5939.68346712018,51.0,7793.1104407934645
18817.800843392542,10170.893915504093,58.0,10342.428467371763
22409.612569525983,9569.255986352517,60.0,11698.956781693183
11867.390339288704,10045.763892432673,61.0,8330.113334462047
15192.649762431138,6402.980648237219,70.0,9989.111746182063
16068.763626643842,5160.530818558234,76.0,10732.337396175488
27503.94223191131,7146.588024724647,82.0,14984.674379441638
17145.476714472275,7249.491601699093,84.0,12235.098865837974
28260.295793666493,7516.690537220611,83.0,16494.52085565025
23898.918477176652,4499.084176366032,124.0,17834.240914033897
25601.797971575605,4975.116627086326,124.0,18541.7518618401
8970.099135780423,4314.901370370016,124.0,12349.707722069126
1828.12203905113,149.57882726043462,124.0,9292.005337808676
2420.0878903259786,0.0,124.0,9550.49111536983
3253.8967018137178,0.0,124.0,9753.78591159853
3160.0992533322783,1166.3760975701114,124.0,9752.275478068996
3266.25425750828,37.04782684457799,124.0,9772.629090683115
3234.432161940589,5144.126036662981,124.0,9759.380073758002
4111.972488663158,34656.35082651289,124.0,10161.06118358913
10930.904347420974,26468.88632340407,124.0,12742.776384720843
10193.78687826403,15834.88963728609,38.0,6233.445998328283
8525.49292321268,5050.628197228785,27.0,4822.581789993431
7626.337398375325,5035.053243629883,25.0,4350.650859221907
3154.1135932541824,4787.734854544203,23.0,2684.1063885018216
12883.373226532829,5445.851430736607,27.0,6156.631526877054
15449.292298868622,5134.348048637932,30.0,7243.1874763915475
7715.7382806702535,5746.2416014198225,30.0,4680.871188244839
16692.217147160798,4598.1829259717215,34.0,7940.533668277881
11617.903973301803,5362.120003038521,52.0,7547.569159227412
15125.374121385792,7835.1785595666615,63.0,9461.649214302015
19243.23313649523,7369.691710065181,75.0,11673.550287685815
16339.91437360742,15419.415540026625,86.0,12105.072203670152
18049.708747471224,8730.306294733535,89.0,13465.644018103683
27155.356635210395,9218.454561985285,124.0,19109.10301874137
32475.990200755543,7015.784267236169,124.0,21058.244629923425
18087.976133430348,2526.8083233347784,124.0,15397.991530897021
1815.6551936732355,0.0,124.0,9281.466617832333
2941.062338981988,0.0,124.0,9683.523028053072
3293.2974821765765,0.0,124.0,9766.788169118276
3060.3479432150307,34.70058927349746,124.0,9689.91482126096
3510.0870270736195,0.0,124.0,9838.328718934295
3216.5153363851914,7681.607534828409,124.0,9744.853371053927
6003.062420048872,26239.16325663999,124.0,10746.485175933436
8042.122004711583,30588.78889886874,124.0,11514.910765329952
10784.188753014261,16094.288059721139,42.0,6615.138634836292
10207.947096322927,9375.799921560289,41.0,6339.830444899082
5437.705921225226,4759.998025102168,34.0,4258.777775842678
11304.498637939554,3034.8319754467657,26.0,5600.871755425152
8250.47523843833,6550.890869054198,28.0,4717.375752712843
10765.969949161634,5088.177748861784,32.0,5834.536378390847
11775.55574486532,2756.7287879647065,29.0,5948.789495456747
9149.759401931786,7261.596776943282,35.0,5519.520265098445
15896.337619956194,4607.666633598009,49.0,8729.628883821553
28976.2686786762,7676.743334205075,67.0,14322.624772943127
21954.953697955458,6695.570692336931,78.0,12775.842178901645
18103.18921351646,8782.436468625689,81.0,12198.570293350098
26645.291986507735,10909.921687507132,80.0,15654.91252732949
21327.51507218416,5635.836199486504,124.0,17111.885171762875
22337.285065565156,5655.00415423078,124.0,17279.848839656614
11098.644201119136,1611.1697466403243,124.0,12808.970093177257
1800.8562111705019,177.62743410766126,124.0,9274.282549686268
2756.634704390232,0.0,124.0,9610.78779537832
2607.7460151485934,101.14489173876743,124.0,9540.556184999037
2943.277148532253,494.8717933786412,124.0,9677.827499024626
2785.5219835523176,31.890248822793367,124.0,9605.278794924696
3431.806668834202,7794.035033343112,124.0,9819.995992623239
3834.228994117256,23240.393240055073,124.0,10044.311170268476
10080.847105176657,23749.51738556486,124.0,12449.322375572858
18993.514992810076,12223.51780140027,47.0,9931.14517534892
10149.95049210975,7794.713599428037,42.0,6415.488528005884
10389.366318243003,5534.083001300692,39.0,6234.284444982564
9919.07077161666,5754.10119199045,29.0,5378.789556373704
9979.329137508696,5310.512582216661,30.0,5428.181502913961
10075.632764705564,3190.380138154824,28.0,5327.148584424686
10116.23367351089,4284.381595757853,31.0,5549.2014951475885
8597.254943881646,6726.439029797043,38.0,5569.640917401126
5809.4520498905085,4788.393140039841,59.0,6092.809532200488
20596.44814731059,10547.90471886657,81.0,12541.90797779297
21284.43327572819,8453.104753971471,84.0,13433.29866733548
22882.02970763127,13462.381828282896,80.0,14348.203082481097
19739.68518528119,9187.51244760615,81.0,13657.4603100666
21799.76264308809,6722.341331292441,124.0,17264.67423063731
20374.766743872042,4052.337044903511,124.0,16394.787099679455
15598.299163864333,2477.1077794451267,124.0,14305.794312924007
1805.7181330476205,588.1164769853154,124.0,9277.442798906395
3654.128341547233,0.0,124.0,9885.86235271059
2664.663379170292,0.0,124.0,9559.338915126198
2840.6803929731636,0.0,124.0,9617.424529681148
3087.2678995595447,0.0,124.0,9698.798406854654
3514.733656395331,9584.306887586912,124.0,9865.278033397042
5438.675263630854,32881.471337391435,124.0,10679.646366125056
9523.08037614058,24494.70635210338,124.0,12284.443661677444
5819.781936840501,13319.0484847604,40.0,4986.078022422672
14321.975024143449,4432.44604315646,32.0,7158.500147222386
11040.210489653331,4293.824198687451,29.0,5746.799741767165
7950.7636610884265,4998.670367347946,28.0,4622.2310162148215
11753.99375019459,5595.963975625112,35.0,6398.391141580547
13489.913352236495,5812.558193322892,35.0,7021.345786252385
11484.92104125686,6182.4590522201115,35.0,6317.777491228734
11230.094164932318,6546.361654639242,45.0,6934.868153655581
13185.513539780946,5340.957909402127,55.0,8215.959819126534
17432.56779878123,7313.50498431772,75.0,11073.02743458194
13156.185228813465,5669.121781670179,93.0,10985.844356930273
25047.337298129773,11379.539736637347,94.0,15864.349298568763
27099.022230289695,11579.928865789374,98.0,17246.150665118897
26460.184524050517,6352.7893246755,124.0,19212.21174410587
28682.724868556765,4530.488358233124,124.0,19702.33660525376
19067.499105374,2835.3768134236334,124.0,15970.567802630467
2952.9330882592553,0.0,124.0,9683.99861981209
4665.111810085685,0.0,124.0,10273.317505288085
3760.7678479476285,381.96396731659775,124.0,9949.859831306429
4750.744279519725,453.75498628914363,124.0,10285.291574078685
3054.838109698557,365.9369974803179,124.0,9762.357180300967
3084.3068476755984,5595.401194749897,124.0,9711.140068174554
4229.32070078945,24676.289618767176,124.0,10085.803643222449
8280.113049756184,42164.92341619221,124.0,11801.20560799099
15707.074729919259,14366.895903928702,39.0,8208.626350000075
11134.925017098967,5660.882707766567,28.0,5769.792012007533
12182.270462655786,2119.554258296142,27.0,5995.900796382068
4102.523401701879,2648.368026014417,22.0,2955.282680352271
11896.768387459499,4299.598396534597,27.0,5825.637867068241
13816.005535379461,3765.1226309819767,24.0,6276.0743608435
10253.442168120147,4357.332036133359,29.0,5470.144664680196
10902.74090242464,3429.9421476331845,41.0,6506.5692436203535
9643.123713695522,6529.615074738986,55.0,7082.569013456286
13450.229680552968,5753.619298055644,71.0,9476.124016173491
13990.90110769383,7570.817813695843,90.0,11037.233902307245
20121.55514623797,9954.754097592706,83.0,13201.730614102658
19470.89027478057,9573.164816706008,82.0,13520.315382646797
20557.788760296105,9037.425391762083,124.0,16883.473351472145
13849.83124768001,5323.665331429242,124.0,14398.224638189058
12389.645496132936,4045.1518735119453,124.0,13413.174447151152
1834.5457769413256,335.11872916556894,124.0,9296.180767437303
4662.020152629601,37.92294606367747,124.0,10242.830651505163
3312.3307249633262,527.9386700443923,124.0,9783.551708270785
3219.055730272629,306.72382227579754,124.0,9743.036928687048
3010.550749228275,491.18289330899717,124.0,9678.693570049754
3745.115119460002,4018.505692713335,124.0,9915.887989421803
3300.3003911178,14289.433652650934,124.0,9822.159506800039
5800.765674286106,18673.707189210254,124.0,10846.869675605501
12429.653747013257,15086.511515285441,54.0,8029.147809657921
14444.137918290087,10948.582648909589,64.0,9441.498380701065
15527.456074539108,4888.529297144835,60.0,9454.439993818323
13058.214921007992,3530.9019239513827,61.0,8677.546439516604
15934.807562754662,4521.617115175601,60.0,9521.202721524038
10878.509436062537,4874.739301048716,61.0,7963.655170448105
22674.677031395837,8019.401367569713,68.0,12330.833443720965
15594.996896218978,6642.165158479413,67.0,9913.654728801992
21760.73488564737,5138.564160556719,69.0,12078.375030151863
20889.743271704992,5048.395772300536,73.0,12144.824798932596
17820.177876269085,4993.352645302813,75.0,11236.742960819682
20148.85384408357,9665.575296078621,74.0,12570.06114178245
29848.76628965498,12288.482181087758,76.0,16371.53137683553
27639.971849050115,5051.456173061208,124.0,19080.69665633857
23667.09046246796,5977.786128720392,124.0,17682.56039555368
22135.524001651578,2497.0598734579976,124.0,16856.07491726665
1817.7800926143855,0.0,124.0,9285.283072624792
3735.0179676677863,0.0,124.0,9944.279816799013
2934.534060930872,240.23916474121313,124.0,9649.360666716344
2485.4068570238583,43.98392022922635,124.0,9501.078526652977
2328.7360475178134,11.200440744931498,124.0,9448.48289568088
3393.870425235122,1585.3192477953933,124.0,9808.389101928191
3616.812513751219,9593.161716796707,124.0,9915.926004718576
5398.333027424345,20049.157030752795,124.0,10605.125981845737
13104.408756622153,17259.250933193045,55.0,8214.133083845905
10889.11653102928,12375.441511966163,58.0,7706.600239920719
12373.783937098657,7722.493249270196,59.0,8288.21758408653
11962.806093518864,7770.744366165376,60.0,8256.157952996273
16148.498964421153,11087.021562519669,71.0,10366.181208200622
9817.08698329213,8208.908345448228,69.0,8121.953634434603
12922.266544001894,7488.55217598031,56.0,8252.363638142648
20522.00038760258,8400.24791355729,58.0,10884.479263305517
12836.666039945914,5997.391585392008,67.0,8980.156904441934
17163.873410760425,5461.128316688412,86.0,11767.231582652152
15567.907547460278,8501.810054169347,92.0,11694.288966790493
14621.97504816013,10394.069016894326,89.0,11935.27468844255
25636.526624838873,10343.623681321988,87.0,16015.730713506193
18169.851824931193,6707.285242752481,124.0,16190.551472087682
25840.743253899775,5992.980165220426,124.0,18501.823012670273
21738.848284480544,4375.60430624038,124.0,16740.93334504149
1800.8562111705019,1240.1146962809066,124.0,9274.282549686268
2992.4802734826367,0.0,124.0,9756.261575301407
2883.696604876611,0.0,124.0,9641.994826476859
3135.100218894453,580.1673222015302,124.0,9771.846151366724
6619.816391539908,506.2698517574618,124.0,10879.407530748433
3336.048363411758,7538.100676664213,124.0,9823.906794354141
4232.508831463847,24301.686287046097,124.0,10129.526836832249
9448.785198341502,24579.14755687043,124.0,12368.635623486587
9911.50820940922,13922.130809092398,42.0,6532.264101728998
18311.989977338802,5985.672270168736,35.0,8657.724775425351
8052.758285361549,5756.427401501808,37.0,5335.580162970708
11797.995298276877,5546.404791959872,34.0,6368.824106161748
6501.610688307055,6916.392549543082,30.0,4312.709493615722
10052.053244088927,6865.203598261251,36.0,5920.525688437029
8975.258101803423,5760.273956011484,31.0,5172.839333745989
7480.612290122444,5966.545330784718,35.0,4939.872658899186
12751.350568389009,9132.840876710912,63.0,8663.756541932185
18784.317146260273,5218.218003856514,90.0,12617.38817586388
23982.42434976605,7602.754396676772,91.0,15116.248025393232
18045.504192786295,9045.148858724286,78.0,12620.364644806854
22658.69791643902,14279.397747610885,85.0,15014.728755524853
23307.83419911959,7577.023723522822,124.0,18040.14731599048
26815.758794691636,6837.725419655068,124.0,19396.39192333102
20474.746821323653,4561.512642362713,124.0,16699.77168888295
2775.469936930995,401.4696418959647,124.0,9609.819621725866
4186.4605002860335,152.79611329051355,124.0,10207.581800457812
3087.568705414541,46.76449965486924,124.0,9729.594730913046
3090.8928632180064,182.376087398082,124.0,9732.967101050961
3168.4538992847524,940.2754884875069,124.0,9743.59097790027
2610.1038023408214,10644.112134197352,124.0,9610.227338630762
6987.798050055477,27163.260523557172,124.0,11155.04682736566
7153.550652332102,23823.655352140835,124.0,11285.823657364703
22982.73168969084,11178.95848888432,36.0,10189.046424601112
18876.155011101142,3500.666049583629,29.0,8307.746794625564
11731.504617745495,3102.4414752052476,26.0,5767.712558878946
8547.455759365906,4553.848390925925,27.0,4779.82271325139
7002.685826211992,4789.584695433453,31.0,4511.005182029217
13413.653360600063,5489.663387895002,36.0,6990.626315536373
12212.306267021844,5349.770302580918,35.0,6502.038010284763
8333.14101227158,5456.422600075853,42.0,5709.079921981726
11171.632651735807,7076.36235299694,48.0,7086.597891117953
8793.557183333238,6534.310750840728,67.0,7637.950584451369
12936.752359282225,5692.5459034567075,81.0,10068.863972933104
18145.9257129959,13764.25530961876,87.0,12921.548369807815
26829.770998055978,8949.060434996833,84.0,16170.87800986603
17951.6439246061,6296.839838821814,124.0,15899.093281410273
29208.242538485876,6352.751046654583,124.0,19580.515438377388
15964.397460252696,1224.1320519366611,124.0,14798.210586719475
1830.7346106269824,460.25662637228766,124.0,9293.70350933298
3475.955728567623,0.0,124.0,9858.704816283676
3306.2489082806355,318.5745262864977,124.0,9771.06213973261
2762.190295243538,1320.1823108398667,124.0,9607.981131538378
2914.574706659803,258.13928773589436,124.0,9641.809653197735
3302.7240109200634,8852.200067676604,124.0,9769.898923603623
4293.084803543796,16651.27442363674,124.0,10216.008942879598
9371.379385992024,23819.255571174377,124.0,11998.970679801037
19430.261350554796,18241.76712643765,48.0,9926.136803299567
11423.39339641097,5838.295029212534,37.0,6390.559194207965
7066.798368659653,4674.333306752642,32.0,4615.305436732982
11437.28760831174,5321.258007318402,32.0,6071.488525652873
7167.988063196205,4323.242192805062,34.0,4792.309432429582
8050.0212968483265,4491.153442774216,40.0,5519.313398596794
18011.09207429237,2849.293457221488,34.0,8359.263651118894
9978.991640296812,5058.377528610577,32.0,5576.2189559170565
13068.997918213357,6017.698203928396,54.0,8146.896096291338
12275.757049006943,7042.618927038212,71.0,9088.832297956033
10455.515152761467,7046.070836410423,77.0,8954.582189368308
21005.736678111083,8240.072125376264,74.0,12919.85993402494
15005.745910373309,11164.89914397821,78.0,11692.85883320153
30771.155461173723,5842.626566839591,124.0,20073.06881536428
20886.198709046672,5005.144592099016,124.0,16869.919930949603
13589.087024413771,2667.8454868619638,124.0,13823.243807158284
1800.8562111705019,0.0,124.0,9274.282549686268
2795.2542306921005,45.971681835750736,124.0,9623.601672204288
2696.952193003584,0.0,124.0,9571.420020405112
3639.346105498222,509.732070113346,124.0,9907.123821236442
2817.7580059636884,957.8510976874579,124.0,9609.860141968018
3677.56320257143,9242.173032244793,124.0,9925.296654578755
4175.725714652094,15845.673934757215,124.0,10127.920150396654
5332.796757202508,26952.98440566398,124.0,10938.743336228896
10255.000126639008,13866.065070057042,38.0,6398.149856492696
7335.300029221969,6266.911843087648,32.0,4740.320943522962
8862.749600076411,3007.673769248153,29.0,5003.287906705263
12236.600636489213,4172.080065572883,24.0,5758.607059455371
11921.442801776928,4182.477270439765,29.0,5987.681528514838
10595.442879998069,5714.461113222936,36.0,6038.871434402047
9047.577015016032,5851.712460048372,31.0,5218.420332100148
8894.922663131681,5674.690161309269,30.0,5054.210758157283
14290.430926154053,5580.835142062357,53.0,8503.138157060357
12657.23632989746,5155.132945921522,63.0,8647.394430312634
18304.641464869826,7434.802044875174,77.0,11501.145540152871
24321.619241097364,8305.727861436457,80.0,14607.18693525726
18343.198162799268,10456.149865963187,80.0,12846.304962881752
23300.726540584674,6637.944783793266,124.0,17901.481843006666
29697.56022503894,5726.451735664407,124.0,19729.967024866724
9407.4712169591,2840.3203720295182,124.0,12524.984692015178
1898.6829415163434,247.10693580855926,124.0,9337.869924411063
6365.401104462738,110.83370879044136,124.0,10891.763824861344
3042.8254747813626,0.0,124.0,9684.132406677849
6209.581001545104,212.21025992805758,124.0,10771.907457506544
3677.6186686080205,130.65752407498658,124.0,9893.614160640649
3260.2233263454605,8382.947365951912,124.0,9755.873697694004
4914.588822335751,20480.409706127517,124.0,10412.361795100835
8422.670708769445,32039.045290836068,124.0,11946.883592334569
15197.598527749653,11880.631683147823,36.0,7870.180164770624
17843.305497472287,3519.716521643351,30.0,8094.629256958488
8396.754060278243,6583.498893610636,31.0,5013.761633985918
8130.199300661242,3956.5200454290953,25.0,4514.77997367942
11183.926574935622,3885.3274046447127,29.0,5799.682626671367
9030.408101671052,2967.662781126549,32.0,5294.984930828543
12135.423958979423,4055.50214119566,28.0,6037.446910125944
10356.042333018086,6066.506607486681,40.0,6238.845312713413
7499.303853986666,8433.68460588182,63.0,6931.150070549008
19377.9351576297,3995.1078624531624,75.0,11724.485476105181
13673.329856510098,5887.682530963172,82.0,10342.335800262994
20418.38060386507,12156.468683048215,83.0,13703.718568735136
20211.1184992803,10687.082693135242,74.0,13217.251721803252
23838.852297592417,10462.01266399684,124.0,18021.68225726288
25108.924322587394,5538.871210188047,124.0,18283.868881567054
14723.28174880819,3157.7330587872616,124.0,14509.024646963153
1859.3218505153511,0.0,124.0,9312.28521526042
3114.4014076066446,0.0,124.0,9712.368275864957
2747.3352904572926,243.49303333088753,124.0,9586.62064585091
3197.802031556867,224.63869140073658,124.0,9742.94268348098
3223.667801255799,355.7525487411767,124.0,9775.977567404552
3654.6794191112685,623.3808847955117,124.0,9886.044208306725
2246.172498261474,6707.992751729364,124.0,9428.43611817826
5043.670217226158,22164.74774268357,124.0,10484.84691725367
9843.90464177988,18263.544007868193,50.0,6836.557537624873
14234.487864468401,7849.876867445435,60.0,8952.403631134894
13769.72195980391,7000.3959909503665,63.0,9032.526281738174
11148.580743003604,5883.218934110551,59.0,7952.796105425676
15403.16124178282,5234.686714465915,53.0,8922.644390305262
8321.806164328445,5231.3429218024,52.0,6489.805318330534
13806.285528089997,6053.83605534074,47.0,7928.33735134005
8960.842282448768,7851.251648772881,54.0,6792.896312160742
10842.84952692311,6518.920679618172,66.0,8293.879658123484
12942.838897877908,5801.0036052588375,71.0,9336.169036808353
16803.06672486277,4080.635110584026,80.0,11279.44391649329
27691.976429018672,8829.88949852474,80.0,15935.67521903124
19274.947854493344,7742.801579230402,82.0,13458.736712790014
20603.08680503663,7823.813284533593,124.0,16888.059456028706
19055.623893310127,5809.294078122203,124.0,16435.399365955556
16244.708255616808,3283.477369773885,124.0,14866.284204958585
1800.8562111705019,228.19365615497037,124.0,9274.282549686268
3184.029557344198,0.0,124.0,9842.03327717248
4027.938712374012,247.27958193657298,124.0,10015.182770718211
7112.889949514102,679.4507748838514,124.0,11069.442603124362
3080.4887651539807,515.2080621325722,124.0,9755.710128256618
3229.5434798410843,0.0,124.0,9745.74934834756
3462.8308532443584,8019.279618095234,124.0,9824.00055297626
7528.183337028565,21994.205950541294,124.0,11299.336759995567
6481.253880940131,17313.17532521014,51.0,5803.739714368924
13025.557278395518,13648.992464793348,70.0,9292.891088602457
18641.20100444161,9877.114333616944,65.0,10820.953836748946
14823.006521232852,10454.24826933245,60.0,9198.79723354611
16432.568289496372,9860.314830436559,60.0,9696.323277876512
7604.4961687735795,7648.015451508512,56.0,6529.4841288017915
19806.73070385206,5040.462900760024,47.0,9886.00146656051
10293.822809936175,7490.675010783845,50.0,6940.197230640637
14483.462981885767,6276.300743344053,63.0,9223.609878240277
17250.995764326817,5145.626383094863,65.0,10310.289518457594
10162.036904119857,7805.74529045373,68.0,8201.865474085984
19371.66543086163,10099.486852413043,61.0,11596.894319181469
20043.524660502386,7598.631217909355,60.0,11734.567547870338
18294.734379000565,6204.594621568671,124.0,15978.994005930852
16178.882882115713,2018.833784534534,124.0,15022.746197674704
19811.21571482421,2675.861353221784,124.0,15831.312623218115
1819.6112653540167,225.70579864283403,124.0,9286.473334905553
3188.610964888877,0.0,124.0,9789.792779407964
2820.594847814495,0.0,124.0,9622.024365234924
2983.6255176961886,494.42482859616473,124.0,9688.849042225005
2705.3255194559547,804.2721280422061,124.0,9572.757421420467
3395.3190994803754,4620.708259020373,124.0,9831.451440001423
3300.508547747487,16556.169644706573,124.0,9820.457308871404
8139.954369741667,24395.888669708736,124.0,11736.568500747002
12817.74546642771,12846.937339212,41.0,7358.02270461066
7007.686518446144,8139.725920569524,41.0,5280.240878433635
7085.133587523014,5982.809204084055,27.0,4325.869655391151
14443.858043825456,5029.557291304693,29.0,6844.209357042991
4410.35384102948,6560.712838802985,36.0,4040.4672767834104
4602.720648706449,5006.872526341304,27.0,3502.869747120844
11962.568793007817,4396.963296292349,20.0,5402.839511756967
7553.320777508042,4816.289730100086,32.0,4772.7741076966895
9375.450314369686,5546.600852637242,54.0,6936.283188232268
18558.22785446505,5211.719884919126,73.0,11302.877950993738
20653.4585684811,8514.52508064794,74.0,13051.202989811798
22268.921730803457,7650.620516827579,73.0,13709.833911434347
13554.22220648616,10229.813768330212,77.0,11136.552414409238
31147.987484528745,6016.847856873027,124.0,20367.77483658912
22503.863253498123,5549.266860357797,124.0,17204.82271416678
12666.930190753308,2297.575459618122,124.0,13496.319426939399
2083.217842797423,382.95537291082246,124.0,9367.46188812315
4956.404221169228,302.7117515042424,124.0,10325.55171904382
2829.8549170937654,0.0,124.0,9613.852122640945
2613.0210515738745,1087.5901868941883,124.0,9542.296947019378
2832.7236274422053,316.32181954185165,124.0,9614.79879705593
2910.293605764775,11603.488037510964,124.0,9687.702256605582
6426.216634564342,33349.04793931929,124.0,10900.064463882702
6245.49793476031,23284.160918661826,124.0,11143.514855294548
16045.97920875923,13041.433409262821,46.0,8828.173726387606
9641.149980949549,7431.512594479693,35.0,5740.732213275438
6517.343450206278,3530.8339999037485,33.0,4509.642933869819
9956.598129233837,5368.768590440227,31.0,5496.810529808565
8559.758137065215,6662.3820279572155,34.0,5222.944477187003
15843.863272366198,5321.896715508276,28.0,7233.369884073716
6482.874330881002,4398.003312805295,22.0,3724.4578581272885
7288.9185788979,8658.99454042452,41.0,5324.667833403754
9911.649535405137,4277.088488992925,59.0,7493.6003315898415
11954.530915439587,7058.508570779613,80.0,9624.36337984015
24657.71494832504,4903.672639187549,87.0,14354.649114567601
18875.088822179874,10211.337424225238,91.0,13643.247606560924
28021.504530671802,10657.006853792815,84.0,16544.003506247576
30477.32013299271,6460.06523939011,124.0,20325.375188109057
25707.631686667835,5317.701117356122,124.0,18595.422330735906
21042.68141213009,3459.118895605827,124.0,16449.02982851266
1815.441976801858,21.857128708437084,124.0,9283.763297346648
3476.797862096219,0.0,124.0,9830.953722533115
3192.943051050789,0.0,124.0,9733.671206846762
2717.7463686459546,92.8770642388612,124.0,9576.856301653168
2954.2981184359774,157.19523407841723,124.0,9654.918379083872
3242.9877313909165,8507.613548930984,124.0,9762.003873121705
7964.1661693028,21321.41943654877,124.0,11394.11467026171
10683.241160447978,23405.217606949427,124.0,12758.459252292321
9664.971529249326,11594.975499603901,44.0,6502.789938895879
7513.52029140247,6920.793332207451,35.0,5063.9679151333885
10952.878890682749,3073.658611109232,32.0,5903.620114240185
5481.924503312134,6495.01539425974,35.0,4271.6691625254625
6519.752471406118,5207.721353928123,32.0,4401.106542922105
11502.900534730756,4046.7919216899822,28.0,5795.944209105072
5047.069905956196,4011.1177464878806,26.0,3539.8512808662676
6123.819839207872,3760.910103898993,25.0,3801.078244104641
10922.252325979873,4851.14975143758,37.0,6256.478170421661
10676.029666955857,6076.179388536762,64.0,8047.710751680305
15261.670650819395,4455.916888953995,77.0,10566.240660366437
27284.393381765294,9138.446875086178,79.0,15524.960811521045
22852.83016281364,10482.456291650607,77.0,14315.601046857006
26105.144021479395,8138.554867590342,124.0,18617.85795614086
17992.94741991598,6206.309600255763,124.0,16028.52620726068
13282.25083651312,3225.6933002110572,124.0,13948.564306614244
1828.12203905113,191.40120917521418,124.0,9292.005337808676
5098.590157991244,152.80135414376855,124.0,10461.836241020264
2799.869126095025,0.0,124.0,9603.956811611359
4091.064510595067,929.1617381642263,124.0,10046.648880587678
2755.7944511617497,262.26038566529746,124.0,9635.15616628411
5256.379063647253,7143.664025889959,124.0,10414.605091003596
5382.998514630302,25724.581637719275,124.0,10562.044691886536
13251.807883334362,25376.13013811037,124.0,13574.68594844421
14913.118382774765,15387.404696234937,45.0,8368.854271505505
8221.046046609135,6215.389572355647,36.0,5296.451656897998
9120.967195718355,4170.868198921531,33.0,5362.762078816577
7947.717371688925,5975.3606311964495,35.0,5119.577704540192
17070.48785021007,5667.053194740912,40.0,8476.382092234271
9612.702223427843,6283.853253089139,45.0,6369.935736237883
17003.606001813478,4070.1821385322755,43.0,8691.738937965374
13285.851464683315,7227.916681723669,43.0,7440.070404851449
7737.529016707777,6171.459427360445,58.0,6658.924794092319
18269.03626324061,4677.25393480162,71.0,11052.541331976357
15540.128922371163,5263.809224872292,86.0,11518.688669836869
19121.969176791936,10399.06899445256,85.0,13599.27741748821
28073.566786787782,12502.536989245686,90.0,16884.974509705073
22617.75091287191,5922.9470815107225,124.0,17766.952346495407
33171.95714663531,5609.86567853118,124.0,21135.93259684306
22138.186415667515,4416.4257077089205,124.0,16847.59920768714
1851.377248968445,434.72161997258667,124.0,9307.12122425493
6983.785687560215,103.90183941771586,124.0,11058.334328661542
2883.4473753256752,0.0,124.0,9631.537633857475
2625.3913032753017,0.0,124.0,9546.379130080853
3194.472927091207,1138.621233215059,124.0,9734.1760659401
3081.4210460746667,3647.48135917373,124.0,9715.987735416606
3177.653142153473,30670.261607373384,124.0,9786.393673519695
5958.603686207365,42934.96621938708,124.0,11241.161210558326
13900.359878525787,10804.28788696987,45.0,8100.841372822864
13894.26817916076,6647.139181984837,43.0,7683.586413795293
17477.81828693028,3430.8543309483675,36.0,8344.383053293117
9702.983854773904,5452.758793910344,33.0,5577.460791301281
11470.80142913744,3350.6779959953083,38.0,6500.092320164287
13957.070333856129,4673.971862189347,31.0,6802.89738087558
9449.412615850795,4415.2819741117455,31.0,5312.465717979937
10773.470725263294,4635.287249371285,35.0,6036.865514816381
9167.406930154895,5237.923303902648,52.0,6715.9402264622395
19764.577899709562,6372.608187788849,59.0,10722.341512000483
15789.944892421881,9104.580922689785,72.0,10694.80180143238
23729.55523243938,10255.342352599157,82.0,14828.658205003196
17775.197507898178,13238.571168659628,89.0,13503.392382493112
27041.93042601689,5081.721985016389,124.0,19338.796470676643
21371.90084974791,5821.155814776693,124.0,17085.629543695435
18235.04881020796,3098.837917193274,124.0,15523.095849296258
1821.746510747245,0.0,124.0,9287.861244411151
3104.096525301634,723.4902473951379,124.0,9770.233198165233
3175.7764601421563,0.0,124.0,9761.122888043084
2760.1641123694744,145.5932076513767,124.0,9590.854157081927
3850.1928313256885,750.338041037197,124.0,9950.563634337477
3249.606607797315,1947.8203161882857,124.0,9759.634985177627
3955.876363277755,8073.353758059939,124.0,10032.193072943568
6544.162493114848,12861.886766213302,124.0,10994.927771141647
6815.924513811696,13316.78964143905,57.0,6456.81491144364
11132.942656143525,7912.0553111909585,71.0,8859.776805226755
9355.555911007965,5580.19203332079,63.0,7677.0569817071455
16968.208662487446,5344.744824911032,53.0,9424.612715882156
14670.82611385937,6585.668942125018,54.0,8738.274207884246
10757.303143431867,4044.0587387145806,51.0,7212.294899557896
7459.725967590598,5620.5030821404125,46.0,5736.457927385362
8338.05546228867,5017.649654079601,54.0,6598.388362443649
17540.775448403845,5241.511099057025,64.0,10350.11570494333
10338.378099561145,3983.5889123577626,87.0,9596.913632825104
30662.962060477024,9304.953212159127,87.0,16639.0645377856
15470.335555911448,11303.550801034893,80.0,11962.719857848986
26711.975354960676,8527.243625301868,81.0,15767.3433391942
23876.72547759959,4667.960918727021,124.0,18187.692651791192
22291.197752488944,5269.131134856244,124.0,17265.26697404313
19579.12405584958,3541.9237406002976,124.0,16009.944511802742
1839.7905431915624,268.3681035142392,124.0,9299.589865499956
3080.008994249229,0.0,124.0,9786.602277497375
3318.941927754307,0.0,124.0,9787.753221526968
3416.919858411921,269.1392807133496,124.0,9848.169161349613
3483.010609398747,490.0774776710818,124.0,9829.393501101587
3496.6786592690864,4288.334519291545,124.0,9857.364941316573
3215.321806785955,8099.795698294168,124.0,9794.019988306034
5528.488918141764,15988.68530091966,124.0,10695.127735986141
7515.226901739517,12385.897161681705,39.0,5280.114837471693
12046.731879049243,6945.274491109947,44.0,7092.677621838277
10467.157761672073,5580.3688528503,42.0,6439.329733335097
10858.683524454138,7919.756456050276,51.0,7210.788439499299
14062.530681000371,6565.6022041643655,52.0,8360.301476377457
12854.501963697734,6378.479576305673,58.0,8389.023267795508
8257.704063418398,5783.989709878713,56.0,6787.091657567883
13319.122148107528,10474.35057047531,60.0,8748.909858213005
8894.501180977546,8261.582763221983,64.0,7516.888998268898
16019.144551298907,8149.309706561393,76.0,10693.739356121769
14091.80366002871,7363.401504678653,70.0,10621.354494004636
22380.118800662214,6910.318710325409,78.0,14198.336368018645
29494.447061034844,12010.984890256077,79.0,16641.793151320242
27522.008344189762,6205.783976781493,124.0,19213.32589321744
22813.683901842105,5202.665189956004,124.0,17784.263885304514
21173.81337072016,2157.096061223746,124.0,16513.62729294789
1844.7998581932225,959.1211629424245,124.0,9302.845920251037
2856.2827368210537,0.0,124.0,9645.997294067054
3003.073027955682,144.37288581840693,124.0,9671.014099225376
3035.698591008474,0.0,124.0,9681.780535032796
2869.0491610014483,0.0,124.0,9634.915220979501
2695.257946733626,3954.181931871424,124.0,9569.435122422099
3477.9196718034605,13605.052416325363,124.0,9955.443429461337
6329.207755606629,24625.575182289875,124.0,11105.535414372685
20513.755522755717,16895.162822575738,42.0,10347.96993278858
8757.124168991168,5548.9504358340055,26.0,4881.682861992797
8205.046182771075,2859.8939168314137,19.0,4107.455490384107
7482.694950997456,5200.867529293275,28.0,4463.28162771017
12464.83604617849,3909.605378461132,29.0,6172.2149655831
12362.260856620624,5181.22084804289,28.0,6069.921133363374
8317.720011749294,4743.437861434743,36.0,5300.748803146966
14427.832360600842,5190.1715753703065,41.0,7656.8018826974485
13818.252059899038,7047.105188683545,62.0,8971.864214026928
18916.466551836715,5115.863815300912,75.0,11655.105176566876
16508.83383791118,7293.862171560898,81.0,11449.196797689372
22309.756999263143,8993.313122814274,75.0,13593.932613934243
22570.510561524752,13018.800023485845,85.0,14795.13906140523
28408.847601160523,7662.155187758307,124.0,19624.532079734203
21656.29841571849,4698.441119649634,124.0,17094.736523193682
13946.043490613103,2293.3481667498745,124.0,13965.659156676731
1881.4764195661633,787.9853001070519,124.0,9316.67746135337
4102.534422696241,0.0,124.0,10118.19915715306
3139.2614833981156,535.2608216053496,124.0,9730.354677025325
2419.9532085712012,152.8154751010239,124.0,9509.181132274376
2784.2540732781554,260.7748117260635,124.0,9599.813267573863
2998.733779732762,12134.071175098792,124.0,9733.615848963282
7244.41373831141,30075.933819061025,124.0,11162.911106570602
12044.38316144008,30388.51084815884,124.0,13327.43278884682
13324.625965675403,15479.889106031753,47.0,8043.803377896962
17030.399410709928,6219.161359713973,36.0,8266.536205710712
8316.209811509898,2444.594337068126,34.0,5191.477859029107
5652.79628191668,6809.787790049364,42.0,4852.994694205856
7500.339136425007,5447.132007599747,42.0,5468.607587947496
13646.415826096441,5580.4970222265765,34.0,6979.15961295424
13595.31072533982,4035.886868700633,32.0,6780.088791327934
9541.783329538344,4565.710657611365,31.0,5342.946305221256
13915.15075544591,6187.085167231163,52.0,8260.357797251403
22991.162748176208,4412.831473814448,66.0,12258.837871125674
24478.74718698457,6098.536766618242,70.0,14115.95823647209
22091.469034274738,9845.490788836529,81.0,14389.614642516768
19451.91450688251,12703.945759477716,85.0,13990.647877001917
22192.26198397589,6270.631439775725,124.0,17617.294992273226
27121.786672524046,5060.551190636059,124.0,19143.764711373922
18140.16439056924,2380.0025279187903,124.0,15388.234960322901
1827.2389487876012,116.70565913567941,124.0,9291.431329137382
4811.679314888201,0.0,124.0,10324.09167784421
3296.990465767003,0.0,124.0,9818.305734218631
3596.8556606731786,30.228602484365304,124.0,9866.962368022154
3390.7989146211266,1706.8295461763937,124.0,9858.54251019682
3228.361873498749,12884.397942122569,124.0,9827.140569989651
3623.2918132144296,24686.867929243923,124.0,10014.17728474937
6762.165449380699,17834.766367371627,124.0,11259.767252019388
9763.550120238513,13144.891965014489,40.0,6380.877643949674
9223.57745650218,5529.650368186459,35.0,5638.8083838929415
17198.9055712119,4059.3807577564066,26.0,7570.720218572253
9289.140803965734,4446.484832498307,29.0,5128.925741476616
10277.080189901206,5290.345398100837,27.0,5322.043646190594
9772.954074775977,3737.381166407093,20.0,4661.9711288166245
10603.674861218706,3224.555484824752,22.0,5065.652770984516
9701.31772802327,4753.630813251436,26.0,5076.401894029872
8523.011307715487,6941.490932791681,50.0,6364.812555328621
17289.41679199762,8316.880529067043,63.0,10142.397684244426
12100.146889022559,6435.468536143998,78.0,9915.219157948439
15253.23966828316,8730.614800257981,75.0,11500.301520558494
23822.2848085934,10165.803945415095,79.0,14696.35186840238
22834.859746841128,4219.75860715583,124.0,17824.292461178113
24734.853428794668,5660.306776546065,124.0,18251.16895760464
13680.427100537285,1642.577506694322,124.0,14035.88818580178
3144.2879801561435,391.1200760544588,124.0,9748.68466299785
5137.118742195544,108.13353345952927,124.0,10447.481765171342
3331.5345674781497,269.0010285952439,124.0,9794.171592973173
4942.401951779591,334.65245497276385,124.0,10324.501350610866
3888.6368954219056,0.0,124.0,9974.631702702965
4126.189803327236,2805.33285028326,124.0,10049.50456187265
7288.887276706838,21610.585405394188,124.0,11161.975840631098
10566.835758624713,29465.293703308194,124.0,12613.081942458599
11716.86106967719,12443.94725908761,38.0,6820.090197683682
17019.056811055154,7214.775560891875,38.0,8422.90160662555
15244.705599958937,2626.247218806545,31.0,7324.537009528773
8240.012595302886,4958.063079318777,32.0,5008.749676153586
11212.054437243414,4708.46280569074,34.0,6117.7600847417725
5536.785125794305,6046.73263465663,40.0,4707.98170902587
19805.82511537515,5171.44889776359,35.0,9101.526698282949
9446.163919313463,6557.9834342456115,44.0,6299.577079385727
13757.753101325765,5797.636807168401,56.0,8566.156543622881
18389.28893310944,7330.864722895745,69.0,10941.406559043764
14637.860810756167,4767.907609483723,77.0,10691.011556595338
14523.074894291505,11808.729460014527,76.0,11360.437877792994
18119.734797965208,10492.061154924828,82.0,12903.25932417198
24973.046301192102,7106.4633038743095,124.0,18439.740826672223
25410.55607683872,5260.190592628221,124.0,18397.22465583254
14587.399938509097,2982.1711657459537,124.0,14274.360742031427
5704.822925575755,0.0,124.0,10572.255827549146
3116.7904176198185,0.0,124.0,9722.429223074672
2706.0756654644306,0.0,124.0,9573.004969603264
3072.254965148255,0.0,124.0,9693.844138498924
4350.128512514249,225.93537359150747,124.0,10155.799477732575
4433.948372681863,8934.919940142581,124.0,10220.207372645631
4276.873004007966,28070.746757804725,124.0,10301.875560562676
6394.466075163862,31790.758859732374,124.0,11079.69911550383
15984.489071015201,10339.686187884834,25.0,7788.526653460475
9596.015385200099,5536.760951695467,26.0,5220.779511459638
10582.18447446724,4943.064495538547,28.0,5605.155922624254
7875.265013009946,3361.684225345651,24.0,4358.977694441205
6622.957321014998,3563.992807746182,27.0,4088.9558922048227
13622.146804026635,5112.167941097046,39.0,7266.647828313113
4825.119621916062,5714.787497168779,37.0,4241.9088545000195
4558.221599962454,6536.965716849765,53.0,5259.136121794472
14663.075842111357,5445.457118705287,68.0,9645.374409450642
12264.085541534077,7622.863542403281,88.0,10424.24311767007
22809.05397061254,8611.769518684845,90.0,15174.358745369062
27333.617100372467,13652.888004899274,91.0,16846.084367705505
28030.394980241217,15435.29848775603,87.0,17018.221644798115
26052.107256951484,7698.219704628242,124.0,18755.402846811303
24645.44505665832,5985.660928515344,124.0,18203.588892014868
15553.392103238395,3185.022023444374,124.0,14763.138221645591
1819.547456624719,49.598735121761756,124.0,9286.431859231508
2918.7771781681854,0.0,124.0,9669.26787273879
3203.7139477819082,0.0,124.0,9737.225602768032
3357.9460878843165,98.5962266827623,124.0,9788.122209001825
3926.0597840018354,635.7529718976468,124.0,9975.599728720606
3239.8229567195995,3383.7680323993163,124.0,9775.72235364388
3160.122027832558,8021.003512685002,124.0,9740.680101541117
5952.207600064527,19597.03916503539,124.0,10882.48858182547
7897.2648815907105,14451.862793335444,53.0,6782.927921209364
8222.59809767122,5269.512124006325,59.0,6990.527216370958
12861.3206070306,8256.342675025637,59.0,8522.588926090802
9057.486458631027,6612.147492107004,65.0,7685.3172586301735
14752.75898036689,9610.774667677284,69.0,9768.49074101575
13377.413561095811,5073.538082906356,67.0,9181.591200448376
16871.397770263728,6921.524050045014,52.0,9268.507224458155
22165.234273889706,7242.651103723546,54.0,11143.369628021315
13894.971650646277,7844.775973907858,66.0,9252.149261371515
13166.54809683536,5234.915354421983,74.0,9626.909083701394
16455.277538642647,7746.492371910065,80.0,11515.671630655463
18104.203610710174,7610.526874424394,73.0,12153.083418013352
23882.77243388996,9876.089849871025,79.0,14598.436752206579
20781.51529623779,6204.310303236917,124.0,16957.652154117022
11632.95566546597,6229.562206788361,124.0,13813.751508015386
19426.449735849354,3889.8377278393755,124.0,16210.636457413033
1821.952408695923,606.5263906539728,124.0,9287.99507807779
5778.798792870672,95.39819593119125,124.0,10700.854515034076
4641.117048790016,75.11984438076615,124.0,10259.99439850657
2701.755585617558,711.7670452284317,124.0,9571.579343253794
3246.6417258011666,214.0824289448559,124.0,9751.391769514386
4423.05476976919,1922.482636992261,124.0,10139.608074023838
3559.2573120892434,12152.165092938269,124.0,9897.506742336276
5600.438203747834,10179.243181013191,124.0,10745.03572872391
7162.278922692992,10749.761113290364,39.0,5170.134575895042
13277.278712312855,9197.489890252924,62.0,8774.038718290185
13103.486081139585,9291.802903074771,64.0,8839.516127777384
10649.691033702698,9910.191316202407,61.0,7875.81658324199
14926.190952859013,9327.259659177187,60.0,9179.80564519608
14228.65326984712,6874.692526958387,63.0,9158.604251729343
18561.3792281291,9149.445899353424,56.0,10131.772481582146
10587.74941295834,7390.509740683437,63.0,8004.81226015777
14032.055946972554,6357.464353837817,67.0,9395.2595633513
12364.216291020106,4991.109091175347,73.0,9232.75046752254
16810.345059606487,6272.314446983238,76.0,11439.704571932198
14373.92331566736,8562.998142184317,75.0,11209.84056266963
21806.88379359562,8222.259220060085,65.0,12977.386569084425
19682.96310844954,7041.5318204484865,124.0,16431.772737759806
20149.197648659385,4901.481254810466,124.0,16218.912221270672
17575.361522456773,3549.015707002828,124.0,15263.865975300936
1874.3316853764738,449.00839114338163,124.0,9322.04160792015
4537.660773308262,0.0,124.0,10239.1948299831
3231.031973132072,218.5871657459686,124.0,9746.240551133584
3276.753459491682,145.8535715346535,124.0,9761.328641632257
3992.830557000588,0.0,124.0,9997.634083810197
3438.3805271187975,5590.512740132709,124.0,9844.454736124544
11822.727775343192,28061.994534771642,124.0,12715.768168383936
4898.485313108843,28700.567150578394,124.0,10744.948391163221
22717.032614991243,17679.159907467292,38.0,11161.330390638564
6672.105993929731,5190.139426179479,31.0,4537.286194164955
8106.821117056763,2868.1500797340027,30.0,4893.862433467709
8680.759524916553,6630.750584590189,27.0,4807.9287328853225
9207.754177544279,4898.072219142442,35.0,5532.217047876631
6574.203170854464,3898.781963285183,32.0,4436.269220130476
7335.480398971321,3319.288285521045,28.0,4448.456515066531
11325.403225346565,6860.310424153135,35.0,6222.653867821168
21586.30872241113,5941.624579348787,53.0,10859.943731118079
15457.28867274083,4758.750293316567,74.0,10355.945098375052
16187.10255933965,9654.099174075696,86.0,12128.6153970561
18330.601058902223,8532.839451010277,85.0,13274.987738556327
22274.62887968936,7952.162137713282,75.0,14010.825323243533
25743.489612888985,7440.87898556441,124.0,18880.764517613297
29353.331320124078,6609.2498460388415,124.0,19834.245592697775
19062.363194242047,2749.931864527116,124.0,15854.425136696414
1828.9949854600393,438.008653254807,124.0,9292.572752974467
8386.17540209641,76.10865979020795,124.0,11546.91576847919
2822.9609586611896,0.0,124.0,9611.577116358194
3258.816376910128,253.9539776833107,124.0,9755.409404380345
3257.488811276599,177.67088555532197,124.0,9754.97130772128
3006.914260797553,13815.784541976325,124.0,9672.281706063195
4990.731588910276,31421.521963416293,124.0,10475.429600242755
12870.178378146607,20980.934838413817,124.0,13384.114667270185
15353.436687649788,13965.89529358484,37.0,8517.44063644429
13236.050035553224,5075.228510142738,26.0,6379.398865979732
10512.581132876447,3186.5471257677923,20.0,4958.980097077287
9627.527597038368,2826.4468037653714,15.0,4273.772914343806
4367.138811426231,5261.9769930385055,28.0,3438.9972858642427
8391.231021684753,4787.8852851670235,36.0,5321.4222847824385
11313.96437460099,4345.898107260093,32.0,6019.736835770993
6550.643554647024,8915.683788165079,42.0,5128.432406482733
16062.707265481262,7022.395161325359,53.0,9147.924167406953
14839.590278038242,5473.203756946449,72.0,10054.947467755135
18705.967564627033,5206.6049759686,79.0,12367.80227053558
16524.829084160792,10802.376736253249,84.0,12619.488517851889
29702.91170916604,8423.249236868072,84.0,17351.940205889812
21801.944088145032,6821.5372682708,124.0,17343.3211428146
19555.060705968768,6344.039580402151,124.0,16671.987646993824
19989.894077427798,472.0813278170924,124.0,16144.827353174318
1826.7587476570986,224.79452385728558,124.0,9291.119198402555
4350.745552381936,0.0,124.0,10185.530686667056
2512.247584456782,342.9972657720248,124.0,9509.04170287074
3939.4135452728233,718.7225840169936,124.0,10000.297552280574
3642.562868035559,221.10347883850338,124.0,9933.148270487041
3656.8282226791066,8153.4591692657505,124.0,9933.988753512425
7212.960477632834,24461.06710497539,124.0,11208.74290223396
12095.063392998427,22086.632094259934,124.0,13060.391756376466
7857.717394274386,13416.795306749393,38.0,5464.950810948713
7533.890772322457,6800.647466377417,24.0,4229.079378836998
5039.472499062121,4208.367932845403,28.0,3651.406460995868
13195.84564305555,4543.17854319935,32.0,6648.234202709224
12166.009843815547,8224.222121987865,38.0,6727.868474483933
17297.58853702419,5722.7387830541775,31.0,7964.940234249368
13537.178016299531,6368.836732137079,31.0,6727.4909700838025
13552.314572383973,4605.076763598124,40.0,7365.95604681981
13431.503723708567,7230.423877123123,60.0,8715.348667489161
13044.96565741252,5596.407420942189,75.0,9625.1236284037
21909.64371830766,7002.627271299684,87.0,14130.290310879758
22859.270759081144,12156.6996539784,84.0,15033.781092154224
27783.409443864854,11038.471583587927,84.0,16867.520855036375
20800.457092713852,9782.720305706189,124.0,17121.59839128125
28456.620680459422,5369.908078651751,124.0,19496.109410302233
16698.11921732397,4833.658003589138,124.0,14940.601297036239
1896.3529419089527,226.8056865942975,124.0,9336.35542466626
2921.408788583475,0.0,124.0,9724.724033922437
2939.261827903501,0.0,124.0,9684.804246634807
3003.274114881071,0.0,124.0,9688.657916719842
3515.9945830747724,708.9959760160496,124.0,9843.355419984518
4462.501622134076,10737.87180523115,124.0,10242.114875068697
6253.850754324932,23490.429310983418,124.0,10978.914260789224
10877.689271793979,22461.096562116098,124.0,12778.563082623481
8023.901832044515,13294.334066597,39.0,5656.897698173143
9189.702450979285,3915.3861757505683,30.0,5236.842992973094
8712.00449116464,4114.254195767765,27.0,4830.176347458717
11099.2091799864,4109.576794967801,29.0,5750.303788994427
6192.5029419012335,5698.073292259376,38.0,4733.378245607451
11605.14908581444,4637.683409577111,26.0,5686.9844966412265
10129.970102695761,3769.821872715776,27.0,5288.232542367656
16085.497722874605,4906.178349437688,33.0,7653.845352404281
13444.047454916721,8321.284892982243,55.0,8321.784571583614
13928.606363250432,6598.526971649999,66.0,9279.210575849778
17823.688802286342,4496.7603642288595,82.0,12502.764414416952
20650.02191995029,7692.414252748342,75.0,13248.656995408079
24069.57864275253,8891.116809814175,76.0,14840.277610000434
29395.486566804222,7904.5027533819275,124.0,20027.25297331476
20768.343028552328,4818.078450238704,124.0,16924.80003365019
13505.790186157135,1138.847782704234,124.0,13902.282040241293
1800.8562111705019,0.0,124.0,9274.282549686268
3261.334460822054,0.0,124.0,9756.24037207128
3724.7535517132883,248.58101068884133,124.0,9912.46033888699
3352.34872540625,415.9930282291025,124.0,9805.366683759472
3901.4152789704126,467.00138594992455,124.0,9967.467042060238
6994.976555314274,12198.52795235788,124.0,11070.832777594971
4719.880369307732,41933.90963577889,124.0,10502.436370158995
10160.313641889805,42442.115608333166,124.0,12835.303793320614
7769.23416112422,15913.61191742209,36.0,5431.558171471699
7533.047361599223,6078.4891156435015,34.0,4944.439423889201
11528.389053452727,1650.4894804573307,26.0,5676.000570334012
5783.409190672142,2888.172149881969,24.0,3601.7440059611517
13638.118425771821,5807.33288637946,30.0,6657.964466660614
13628.113550034088,3357.3764646290488,34.0,6931.216422835736
9239.688451239961,3877.301334781697,24.0,4757.42991826377
6010.074419596517,4067.816225890567,30.0,4145.070106272673
8565.15971323944,5165.70181652382,50.0,6384.646621137984
19571.072627822836,4984.0536680288615,75.0,11811.082989805902
23639.83657802016,6137.384297746172,88.0,14746.512158731219
23860.814837621005,13778.432101569324,93.0,15751.493210945544
25433.10359415672,11890.60793665349,94.0,16630.921145457814
22515.28215080836,11772.42805288633,124.0,17750.252361461637
29326.26625867272,7833.50110792853,124.0,20024.462784868305
25386.348626412237,2732.1486100554466,124.0,18217.220854251667
1950.3436798385906,40.88295624305805,124.0,9371.449404320525
7840.658590284334,0.0,124.0,11377.76014533612
2890.2065334439058,0.0,124.0,9640.01934872051
3456.777595802098,193.49800299753747,124.0,9829.525336019238
3594.103839132726,298.04784481090803,124.0,9904.949641930752
3905.009758605898,5840.524129461498,124.0,10049.760663496096
3310.639082672994,10592.271885605032,124.0,9833.100967875014
4611.735905452153,17779.338627913967,124.0,10444.219981117623
10951.306275102104,15524.392883146182,50.0,7634.991706074401
21592.18155717471,10113.232885768639,70.0,12806.13494306946
16977.730101309815,7948.823535205176,63.0,10400.88073240163
17094.08549159784,7170.570928323517,50.0,9272.335475965148
12417.51199827909,6405.598625681672,55.0,8037.66347504702
15659.657787612572,6892.1709860265255,49.0,8644.6321441467
8491.042463860227,6856.258461634816,60.0,7036.613999801354
15719.779636696261,4911.024368293087,57.0,9208.471575124371
17771.536949269026,6956.13748248381,58.0,9992.781861648731
10443.115374693241,4384.671519673615,68.0,8472.311775088141
19778.32383588323,6026.792254412794,78.0,12751.975110823538
24259.44977070322,10076.233964766061,92.0,15816.948818031624
23616.08930186515,12735.576545634995,82.0,15041.513436024152
23407.853476459324,5533.5108034350005,124.0,17853.68247461824
26129.96264099049,4881.492051594455,124.0,18552.231004017416
13315.695866790998,3951.870969456062,124.0,14007.725733615382
1824.8187520055426,982.0478532823424,124.0,9289.858201229044
8838.101235592836,238.71987277381123,124.0,11708.867083673264
3445.8568281910584,0.0,124.0,9832.427785472624
3730.840032200214,58.67677761552235,124.0,9911.177210626076
3552.3850470996804,590.9424286602685,124.0,9888.774538922547
4066.1039065644845,4266.410105651244,124.0,10039.603002271358
3200.920513531478,9700.152272372196,124.0,9798.393148436708
3075.0281595155143,12928.946949153024,124.0,9858.343495927307
17490.93739748744,12644.241175227115,41.0,9237.793675670819
8150.896799282616,11312.121255301185,55.0,6857.81772219032
10467.293794457724,8707.152850964543,58.0,7740.444773368177
14077.893445082236,9786.566806759807,66.0,9450.752916947358
13553.465938187735,6764.38391111791,60.0,8794.011677503102
10885.879360513578,8445.857232367867,63.0,8133.557674407714
10610.823323805049,8040.706397787358,58.0,7677.890399940911
12460.905661167106,8328.962803691253,53.0,7929.8221674376855
12254.71236447205,7400.712604205558,59.0,8216.423633541017
12517.766108912023,6970.524225518604,77.0,9585.242135850704
22053.413732486486,7617.905714537948,91.0,14615.560925346383
16806.109314777143,10010.599163991088,90.0,13318.533730484833
21281.214296663406,12384.635780589779,85.0,14464.988874255327
28836.26174459164,5759.446333865821,124.0,19898.626573341386
20466.95759907033,6526.578560179968,124.0,16909.671892882514
12935.547645458822,3977.99760612088,124.0,13750.261014297157
1844.9746017817115,221.47419735131163,124.0,9302.959503583554
5575.46423169121,268.32333171044786,124.0,10589.30765909009
3162.004109047923,373.8880558684468,124.0,9723.461355985817
3753.8751324728314,673.5591899382571,124.0,9964.882567822639
3066.338860774944,34.054837468018135,124.0,9691.891824055732
3591.6620524792957,14690.12369256839,124.0,9958.228963397909
7174.931212664319,42610.54481544148,124.0,11210.46087354252
17102.057137549204,18683.921300741527,124.0,14882.773137351154
10199.61303473893,14103.870209171999,44.0,7299.383025700248
10652.09861973747,7737.923329655206,42.0,6754.535172193528
7460.43538232315,7780.178901571408,43.0,5645.8801119417085
8854.444964197663,6910.1208298217525,33.0,5292.483484194903
15755.06671634878,6817.122287076464,40.0,8047.092455167961
12591.91707528822,4895.512669436882,38.0,6828.536732746728
8950.442970460592,6137.746941045795,41.0,5871.073367101385
10966.964313402517,6721.5107827266065,41.0,6641.672389440849
15666.644284373122,7546.886168578889,55.0,9143.818549455122
13431.01532506296,7914.945183135817,74.0,9694.298302000509
18000.37080223219,7367.436647835996,89.0,13388.186770439437
23352.589544176317,8990.016346031429,83.0,14883.329221959048
25202.685395489407,8662.900208772222,86.0,16028.898685035238
20553.101551986827,6505.619085441032,124.0,17091.206248955343
29447.6077247348,4692.503105794514,124.0,19806.605622997587
12926.808328253557,1967.2936268683525,124.0,13950.876554509372
1848.6675817633427,492.37275466186304,124.0,9305.359940571614
6683.341856114284,0.0,124.0,10958.00202542716
2740.9494125637893,106.2630146133403,124.0,9587.457457706261
2819.9475898931173,0.0,124.0,9610.582704664728
3061.1675183836655,54.383244093383354,124.0,9690.185281066611
3544.470515509404,5874.984196133912,124.0,9849.675270118107
3723.8829426791885,23050.295323748138,124.0,10027.230690936873
15092.550815238455,31344.589923340212,124.0,14163.821093118997
14312.163738744435,12495.431832874317,39.0,8262.985968172961
8485.224904039009,3112.5801274097216,37.0,5755.147256000432
16865.49631955821,5612.814639786257,39.0,8501.727870737463
10496.27268295553,6780.341381880641,36.0,6108.784057435405
15325.656352156453,5819.353913421059,34.0,7502.484051698714
19248.52613389419,5071.6272855583575,32.0,8656.079914200976
8652.422603537489,4804.7085058812045,28.0,4843.208497834727
6350.378847515159,6329.463524821525,35.0,4581.554845164646
10438.835934792742,5413.937548576047,57.0,7523.0094291414025
17642.054561991867,6282.7534746062,77.0,11353.374566503862
24797.62792089418,7484.83017814594,86.0,15553.30608242641
25884.05259040548,10318.846833103027,78.0,15483.870188639106
23704.004309138454,13780.53449146226,80.0,14860.5980482447
23573.5825179526,7990.535449784375,124.0,18233.27764765063
29723.607793534615,7933.328338912628,124.0,20135.102874867815
16512.47940781365,3095.437377112731,124.0,15134.964018674305
1924.7842785501264,361.59651433887586,124.0,9354.835793483022
2714.5935474061966,0.0,124.0,9619.028933123484
2681.013839963625,0.0,124.0,9564.734567187998
3259.543430108081,0.0,124.0,9774.384625589119
5206.237968550183,501.97043315321207,124.0,10404.058363147924
4399.1926185299035,11938.391325326016,124.0,10170.30618260399
4128.7972872084465,27448.551906861365,124.0,10179.507472628582
14296.914292138821,24852.17967412708,124.0,13999.377006247081
13520.450876615618,13204.516139303892,37.0,7781.111540544044
11730.68405651925,4574.426155500363,28.0,6241.381317361381
15404.591217582572,3628.914497719333,27.0,7083.4978530467215
12229.469847138978,2379.5830601549396,27.0,5974.789470431931
10442.20439798058,4624.522333077838,34.0,5896.877693764886
13528.458561994465,5996.04384665005,44.0,7569.6706391591615
16428.607216902394,4764.198838192349,42.0,8435.377599301288
14368.424821638593,6032.275698373218,36.0,7314.453702164696
16914.656376650524,5951.55917519393,55.0,9666.188169580164
26357.99426809266,5253.822130141779,66.0,14258.70024944813
17363.242610433972,6375.255293041468,79.0,12475.63039742192
19114.843531903207,11707.756844575579,83.0,13608.972094610057
24444.979582863376,9543.260144252952,80.0,15121.968328524259
17604.43903648569,7409.817780406401,124.0,15958.218567178383
15437.924377079911,5252.77567359532,124.0,15077.91003421623
16968.895773826614,3985.24678472119,124.0,15038.214612795598
1853.7697355303462,625.6756250397614,124.0,9308.676340520167
2974.3619347681174,0.0,124.0,9672.412477779824
2492.5906249140776,137.93083220136663,124.0,9514.863736501015
2974.1804763850546,0.0,124.0,9661.47955720707
4171.926561387959,493.1003132512172,124.0,10061.35157661279
2871.8046164857365,3255.2651429736366,124.0,9664.051451887748
2597.0688984628346,27643.532329834994,124.0,9553.587869814372
7985.876567320962,24440.153279008468,124.0,11856.498856994827
12512.554857757747,12582.711909219375,40.0,7780.684632790888
8957.669125430824,6339.75796028835,34.0,5869.572469888689
15007.680914485512,5855.139548744385,31.0,7315.104261960487
8069.921470015457,8320.240935746207,32.0,5028.197589367377
12554.766575282836,3528.3649361653875,29.0,6227.867481176381
11182.695925979902,4928.896930923685,31.0,5905.972772961413
9723.080689615055,2379.182472280661,23.0,4860.515252864274
8438.31622647343,5860.215021091699,22.0,4389.260188196157
15275.288983302184,6496.646679450199,45.0,8241.00942258484
12175.148320363214,5354.506781321268,69.0,8923.330450670195
17771.363338448307,6449.279254689314,76.0,12148.256566541091
28486.892046634024,14854.262192712227,81.0,16210.197719868956
24679.928440249147,10432.216317572942,89.0,15934.541873490065
27933.08733221507,9900.392722922315,124.0,19665.65037309024
24279.099062787456,3692.7176091592755,124.0,17971.347180929075
14450.164688331126,2340.3131680031615,124.0,13965.293673519616
1851.6790775447266,32.67576352879405,124.0,9307.317412829514
3179.8352037912027,110.17016600991289,124.0,9752.173858365848
2657.4679293942227,84.13416676471631,124.0,9570.13016505843
4400.18840059321,230.95903457875053,124.0,10193.013765187008
2624.7276756227075,777.8586940344422,124.0,9578.253909128814
5026.356820659799,8482.625973714392,124.0,10344.290883443287
5467.10633693954,30932.0622811505,124.0,10650.141464044706
9442.41158136031,44702.42181853477,124.0,12233.523047465858
13601.697961578038,12003.620973431565,41.0,8285.996408041
16672.313209095555,5660.034823054323,33.0,8297.008765073913
10757.824522479981,2617.065860854958,26.0,5539.34970022557
10669.675906250375,3558.901630776004,23.0,5187.41038871924
11404.962085653586,2373.1818615863717,30.0,5910.372804969217
19184.588213809777,4012.6845242869113,30.0,8486.128408760344
6829.024170768753,5184.961138636743,32.0,4551.855081351411
6651.322225381418,4438.839827666183,42.0,5167.801506309357
14339.574487809645,7420.495522988216,49.0,8241.884819444253
18015.46151320602,4214.19854754135,71.0,11563.424295662473
21085.58149004229,6901.853266781569,86.0,14141.76123772191
28191.530750167836,12362.222890806694,86.0,16843.288007631672
29327.828083645105,10770.476227848852,80.0,16970.449511197043
22240.32531138574,11154.207067726551,124.0,17718.052078563083
26839.89396187624,6232.368136980756,124.0,19245.716195469377
21918.68637263864,3005.921304216608,124.0,16910.290017151594
1883.8716538400918,0.0,124.0,9328.2425874215
2863.300061136023,370.35779580672585,124.0,9660.85306883413
3019.099253853656,223.97029516547917,124.0,9688.805139139751
3638.4443788885765,642.288518622145,124.0,9914.405222352856
2570.443149422418,0.0,124.0,9534.955750743211
7196.676849239005,3278.532256629194,124.0,11083.87546383668
5272.60655475901,9802.34960449549,124.0,10487.229670388999
4236.9234480512805,16629.48102740546,124.0,10214.802957093065
12849.382606234401,17142.588909895716,50.0,8136.014776644814
9012.450285409943,8893.267738757657,54.0,7347.549492527159
22335.0606133424,9244.746147230639,60.0,11761.59078966129
9777.925111404575,7064.189417529976,57.0,7376.673374461557
4759.016047170941,6940.021366301552,62.0,6016.761869610418
10989.322072300134,6344.717481167738,53.0,7408.608264180648
10858.620523678976,10174.761232505616,59.0,7767.219206663655
13924.97484891752,8360.859918154403,65.0,9190.415630093767
12752.608944724621,6147.538795899475,73.0,9385.84597276065
17937.768622182517,6747.425115373235,80.0,11747.778824631372
19319.920773936898,5969.740388614187,86.0,13435.715444080994
20097.435825203374,8560.296978885804,90.0,14414.808565992906
19981.3773161591,10027.411223551757,79.0,13767.458731633355
27816.732377391323,8310.883658124754,124.0,19308.738033041845
16094.738336334056,8287.46150735952,124.0,15391.231578236817
19445.567827875002,2765.665720209231,124.0,15919.801526954196
1819.4567271438912,239.32741219016413,124.0,9286.372885068971
4854.530436766852,0.0,124.0,10369.911586764894
3139.139720706211,207.65907163582742,124.0,9715.916107833053
2875.1357695365405,826.5522890639801,124.0,9656.537169859223
3071.3187661346324,168.35982581414282,124.0,9715.544253043596
2903.3358004479037,6253.368415645509,124.0,9656.770594155947
3226.3602781715385,12838.467890605703,124.0,9820.437902370379
5284.431240127699,20309.31280212651,124.0,10643.674266318858
11742.525497694252,20144.616361562654,58.0,8637.914928119038
23616.372277306804,13538.944269716116,76.0,14055.704956395291
12935.403178921417,10279.727514828992,72.0,9679.400654230709
24153.586628864487,9990.77220994607,62.0,12545.91083991801
13064.047328961617,12715.80512303797,71.0,9444.614041437313
13472.374803489789,8170.40153732871,67.0,9294.834385873632
12706.562650345684,9276.521721422796,62.0,8616.885882063127
8292.666711416003,9122.19806001745,62.0,7230.293864307851
14851.429219232388,9761.53474429076,67.0,9701.727403192119
19046.0309202746,6068.006488773971,76.0,11911.705513341267
21187.508326560135,8339.989484197771,86.0,14304.194328270076
22096.065467056953,11059.719054240239,85.0,14606.087306850859
21878.403454116316,10226.72746606991,83.0,14484.514457312875
18305.791407028428,6161.2260025904825,124.0,16202.290411436494
20183.975803070545,6575.934719353913,124.0,16789.150715144202
12314.331939930637,3761.58370256784,124.0,13773.285494196925
1845.3997260217452,680.329713295276,124.0,9303.235834339577
5148.267231006648,0.0,124.0,10442.991964561701
3322.2282364963735,0.0,124.0,9776.335318043804
2730.3309956874095,194.82566450623176,124.0,9581.009228576848
3532.735623062609,698.6145734075458,124.0,9854.091230528964
4667.468882509417,6777.074090689544,124.0,10227.942627794906
6815.663122628613,35118.796618555854,124.0,11087.660276484097
13009.455578874458,35736.79017064123,124.0,13581.115311473402
23043.156265433572,14521.138025467719,39.0,11494.706019584188
10384.527756547332,7168.388250929614,31.0,6007.728588852344
15355.335771262145,1421.861767428244,28.0,7296.474874778101
11698.178604292907,4976.16619372877,30.0,6073.268481865752
13924.74653971941,5979.177111298219,33.0,6972.141671933236
8461.798286462688,6781.249298064164,35.0,5291.3539898802555
16979.760467395365,5832.8894780977325,34.0,8022.433716339354
13549.16379053375,5163.439562228074,30.0,6633.336993778466
13455.670050763727,6709.998664073399,49.0,7906.4585203558
16577.204750033856,8763.136891398703,61.0,10621.035276469445
19262.554361920567,4603.721051098903,74.0,12678.98893667637
21482.815032134684,12291.054306680833,85.0,14526.754877035943
28370.006849556637,10931.642360121263,88.0,17090.552070809495
19577.684805675988,8608.880694643038,124.0,16795.257515241326
24339.2603386673,7953.126529203727,124.0,17862.1973550462
15259.177282050789,3035.77194049259,124.0,14518.753817668294
1810.4724848262579,297.97146304684384,124.0,9280.533127562509
4210.9700123862995,0.0,124.0,10117.348073834451
2565.474696392212,0.0,124.0,9531.847934325875
4184.093768845692,443.3317481644452,124.0,10112.868917687862
3644.0971229307756,331.20715368861954,124.0,9936.719700955739
4331.382346247089,8218.401469486082,124.0,10212.72235150594
6279.958789863389,16890.606703360132,124.0,10909.739715283948
8764.645171565418,23526.79075948372,124.0,12064.571345560937
18088.494664541347,14877.1517540507,43.0,10001.604716583714
12279.901686589064,7095.461348948628,38.0,7235.1701786101185
12812.513970668904,4828.816970339418,28.0,6457.273018228097
10258.163411331016,3367.0037830506762,22.0,5068.009839756104
11458.084437586602,4497.512679861735,33.0,6172.058901258767
7289.1122636824075,3939.04040241403,31.0,4611.777351049565
9105.369039863104,2504.0445604319375,30.0,5157.417241645859
15262.591147702038,6228.427013429628,39.0,7808.748105085582
12599.945126155684,6002.852027498557,52.0,7848.460216960759
14320.554120322577,7013.387251416966,72.0,10529.854250813558
16976.96327188308,6081.404279797027,82.0,12747.541959825778
20211.681251208367,12299.617693683756,80.0,13735.670610577083
19800.517269279386,10928.541602431113,77.0,13445.967669389827
25594.698686250482,4919.351063074171,124.0,18799.72669219834
24177.09588872114,3936.9571485246215,124.0,17907.44573809933
10264.58900130416,2495.8839990804595,124.0,12760.383470710874
1811.418957270223,145.81938781440257,124.0,9281.148334651087
5858.426741020579,258.45243521879115,124.0,10638.554401237423
2916.8777706095716,0.0,124.0,9652.598779606482
3094.1587733691513,0.0,124.0,9701.072395211822
3221.581001059215,195.42051976807414,124.0,9743.121730349541
3606.5864930923785,6308.213322580978,124.0,9917.471814235714
6057.313159568156,20027.907526098938,124.0,10758.426871178006
10147.450329635793,20058.82952285173,124.0,12457.051856362123
17560.810118521902,11738.194980102407,34.0,9111.131247305013
15066.336440072577,5150.832144155974,23.0,6962.9447584308655
8195.147883947415,3971.243507407606,25.0,4594.220267163039
10421.209478064455,5936.135385470093,25.0,5277.539817283983
5614.338899322438,3404.6979357292253,26.0,3721.2611130249784
14120.088957648713,3336.284167093162,23.0,6289.869413902895
5000.533089789387,4357.391091314331,26.0,3483.453488467205
9680.370312113355,3573.541343059019,29.0,5251.657699402083
11387.581171274236,4845.111340230083,63.0,8238.095449440169
13490.339709693573,7506.563508302348,79.0,10430.18832499048
28443.493928293436,6500.304744036619,91.0,17166.411212428597
24638.727682674256,13292.729607436557,80.0,15217.723507615425
24506.277722631843,11930.965869615726,81.0,15275.779683725737
26474.312846538804,6669.4451756157,124.0,18946.802054614986
18452.820505350875,4371.77607645678,124.0,15903.707236429447
11838.149122957378,1934.1942678215603,124.0,13062.103447445556
1800.8562111705019,404.6226398772249,124.0,9274.282549686268
2862.823223072182,0.0,124.0,9679.680646613835
3256.57456837227,0.0,124.0,9754.669607562853
2787.780397315153,0.0,124.0,9599.967531114002
3181.041685057022,646.962105332936,124.0,9749.385610850666
3950.228888597537,6116.764120905224,124.0,10004.868774948132
7942.488345557476,24159.019847859814,124.0,11415.128780911491
9154.13349156875,23730.953722529615,124.0,12180.62934869272
15050.176244166645,14159.708525324613,36.0,8202.226165544469
10466.715700700228,7622.853345022723,30.0,5786.289159455028
11006.76227510515,4598.306268048535,31.0,5857.065670153398
5486.120869695716,5447.417370785028,32.0,4129.2526866757935
10713.437559573265,6380.089125096797,32.0,5801.5812893845
7912.56003613882,3016.1516136062646,42.0,5575.5353865493125
9964.989234672668,6626.577515457695,39.0,6049.361885282054
12225.235860626792,6009.994848282137,41.0,6946.088651298587
10936.576411642356,6599.291429935148,60.0,7890.919284105575
22853.1819544367,9407.039528725543,79.0,13396.60797594882
31121.756191689925,6145.385718743626,86.0,17586.73477356729
22581.996448961203,9929.006010557214,85.0,15053.99315063676
21100.986301759564,8057.075122429182,81.0,14047.193209277999
16066.428839521895,4590.64999888887,124.0,15409.590509431422
16795.801456548896,7289.867243537184,124.0,15349.39265548487
22498.08064599947,3431.2977324516824,124.0,16900.836323505824
2636.1216743053587,0.0,124.0,9561.851348637227
2871.1276640765545,0.0,124.0,9627.472129145264
3198.447130307155,0.0,124.0,9735.487553001363
2687.188614545359,430.96928386750324,124.0,9605.667214763562
2928.080654683394,358.06311858582,124.0,9655.906560496478
2795.2425782984546,6238.100214836374,124.0,9620.699528709694
3098.9843364424273,19473.742439942307,124.0,9751.85041019829
6244.5451546714585,34569.77831146331,124.0,11190.871018121046
10901.182481158381,14158.89235020752,45.0,7538.643313347283
15594.185163056469,8075.858828103169,37.0,8575.797987450727
16476.6821434946,6805.2799801722185,37.0,8455.07246542311
12345.425994461399,4952.837980634471,33.0,6649.973915952431
9908.885345248622,4445.526429291691,31.0,5530.056626356784
12473.388527859235,5227.356268650542,38.0,6848.632523734005
15239.94909456834,8358.178951057667,40.0,7862.582119902339
12427.787740608574,5007.235525640968,47.0,7474.478651162123
15353.747627153014,8002.432761199027,59.0,9266.67071685091
25279.007658298386,5827.6875215747705,72.0,13996.093770408697
21200.572999727057,6033.392401061578,82.0,14115.763410561096
18683.122658306438,11923.01999993051,85.0,13499.62018270362
22431.015579638333,11416.074117434395,90.0,15361.652572809826
28442.255028081778,10201.105430073661,124.0,19953.07585088154
22124.946639655533,6389.691172760104,124.0,17557.098883914976
17066.264411655837,3329.5464236281814,124.0,15183.403485319977
3078.136763702691,0.0,124.0,9722.893364554473
3296.838937664444,0.0,124.0,9802.212080265754
2811.381174279342,0.0,124.0,9607.755787512186
3108.0311373439217,0.0,124.0,9705.650275323498
2813.3083669268362,385.276848885417,124.0,9608.391761085857
2630.3503551612075,5134.192586153248,124.0,9548.015617203198
3555.9843601473362,13002.213229834164,124.0,9893.927724809973
5715.261045655173,18368.98458570813,124.0,10784.435648174158
5682.305588987824,13633.99941738198,41.0,5157.172163030063
11749.947965884625,9588.615845606722,57.0,8139.21589661206
9077.557197548022,5304.776858871802,47.0,6392.674228061833
11947.063579763731,4743.755120462179,50.0,7519.274208552645
17952.152844154032,6791.319183359915,56.0,9912.187948510027
11859.186317698664,5857.845593550677,53.0,7690.695062560713
15095.78962153817,9800.028899379695,55.0,8895.790405463258
19458.680923817286,9817.192563993112,54.0,10291.157566941756
8725.340472017206,5620.978850858906,58.0,7030.121131941826
19036.58559080891,4606.005694259083,75.0,12041.168328747493
22597.786065844673,6897.697234381861,81.0,14242.564463254634
18081.78808227275,10364.895946263647,79.0,12917.476257462184
26742.27116254299,11664.584723894548,82.0,16287.27073977816
19251.77690925942,8199.321268552665,124.0,16779.71660964184
27491.46987003625,5419.837480445579,124.0,19219.462780121838
20286.235626446134,3706.331005168955,124.0,16287.104752012852
1830.9091023374308,937.2853352968891,124.0,9290.888688324017
3174.1186296610126,0.0,124.0,9802.556358279342
2907.1868267325085,0.0,124.0,9673.161961418842
3032.16784414128,252.25939316426715,124.0,9693.361248707934
3726.2862174921925,26.42217214827736,124.0,9909.674451772426
4302.301284324238,7595.166239549965,124.0,10109.688288103549
5000.890128037507,10285.359101343527,124.0,10480.019031691803
4052.7097268548946,13154.0412159274,124.0,10268.057039530326
8821.166836898139,18229.894291903453,49.0,6944.908981006531
14729.649144357141,9593.909395265451,62.0,9587.235320610484
16749.50475710128,8802.980328814063,64.0,10171.025519682684
12513.50836151053,10612.216994819915,60.0,8435.617919249858
13793.711985238517,9379.964023796094,61.0,8922.029405084617
15701.617282346493,8725.530800126617,53.0,8992.048827930543
10582.083106962396,6235.2264033218225,55.0,7382.782608523674
10000.324300349737,5975.767744649698,55.0,7198.91279988006
19459.406284522833,7655.121802575142,63.0,10887.913341344118
13640.28355398003,4185.308521734675,64.0,9425.928576521239
19038.981424179612,5509.101997768258,73.0,12283.485290131484
23236.946926633544,8854.95723203172,76.0,14426.018180778972
27825.948330037056,9411.286694032824,78.0,15983.30991456242
28781.945676177682,6756.34374637641,124.0,19589.478533144662
17640.043462378035,4793.996186174079,124.0,15650.55017786624
13876.952511660918,2915.5584868313126,124.0,13888.654687611075
1800.8562111705019,92.4061031634609,124.0,9274.282549686268
4001.833736454541,0.0,124.0,10059.096837186156
3119.735601318256,130.02579116225243,124.0,9719.433023620833
3191.2618135017383,0.0,124.0,9733.116398455577
2864.2912581646024,0.0,124.0,9625.21611519432
2892.2526320243505,6353.289723563072,124.0,9647.189228709345
4874.046433632574,31940.87273226753,124.0,10436.799931221083
12619.575998482085,21912.903103786088,124.0,13282.582186075222
17101.09708342307,12140.790233456344,36.0,9041.273372798762
12171.95033701941,7371.522306723893,33.0,6842.580412970845
15665.300880002704,5632.550848496084,30.0,7438.543340920807
11462.545574121554,6629.740698928509,26.0,5651.509664147033
9073.585066768657,5114.350354731829,29.0,5048.4814715801485
10255.39472863592,5034.681159568206,28.0,5431.910565142599
18203.746810549732,2635.7390150817732,23.0,7686.792704207734
13088.063506860277,6572.432487598682,38.0,7076.551953659907
7017.838744032635,4732.37316838565,51.0,5927.5367184733
26531.306646272267,6375.955079770087,70.0,14069.819488238189
18610.585456970563,6457.04239000591,78.0,12751.662060405975
21717.266546535935,9612.28426537998,86.0,14471.675963691076
28463.175233481612,12959.069628673544,88.0,17070.108966391097
16385.560445472678,7102.9238692794,124.0,15769.949164587088
21807.094135384294,6215.734245684743,124.0,17321.080988928672
15695.994199281151,4703.328255953268,124.0,14976.209975348725
1816.6189190751397,783.1568334436664,124.0,9284.528309824282
2572.4775638922833,0.0,124.0,9650.23072614416
2613.5344475903667,100.64477746573586,124.0,9566.09159946211
3020.1307883411005,128.5366189369311,124.0,9740.786934547354
3318.4267619386155,193.3618352332463,124.0,9790.213031028195
3050.2456613936024,2495.4865179615717,124.0,9697.37754513822
3482.9529124043847,19718.17236978934,124.0,9885.850721909997
12318.417553645166,23794.535732667773,124.0,13196.34832589279
18525.07318398814,14499.100345985717,34.0,9246.722138603931
12572.060123463138,7088.231468812499,33.0,6640.32429585359
9544.212173829137,4154.418397722641,31.0,5380.157947413848
11274.868165559992,4921.303162504733,28.0,5708.753183356728
17841.442185014388,5853.445142054062,29.0,7939.248008298635
18220.490516562353,4040.353024457395,28.0,8004.0065286558165
10139.54656070706,3700.0437235339236,22.0,4953.46849284051
5934.421157242185,4496.975194764385,33.0,4279.65686361253
9193.08295309864,6707.902889876317,47.0,6352.298593493999
11376.202822469348,4568.326109800116,65.0,8660.070885965506
28296.227446147706,7543.306277412924,77.0,16037.976553134362
22785.099736290937,10934.052333745236,78.0,14370.816141857962
20077.480006990518,12164.822181159012,81.0,13791.12491006007
23492.088077988854,8287.019721931343,124.0,17977.479846637343
25706.862367608177,7077.753427474448,124.0,18591.669866670112
15680.201425172665,3518.4929083986826,124.0,14628.718042608853
1805.311315317168,0.0,124.0,9277.1783673816
2769.0429196523746,0.0,124.0,9613.394171204744
2691.3826872588006,275.0025229569525,124.0,9568.156286795407
3652.4745140052255,440.4833060070872,124.0,9890.069245334824
3036.931525624923,0.0,124.0,9682.187403456226
3145.6046141370766,4217.499470811958,124.0,9721.414267305478
4622.895216271748,24379.512853183354,124.0,10246.374183328726
9373.271829604773,27939.293728397668,124.0,12233.615038158405
11071.370433367094,12732.806831717116,43.0,7586.346656015833
11246.026747847098,6399.839547967164,31.0,6472.42101014473
8848.02493545196,3723.0014309919134,24.0,4856.312806685134
8476.09665000968,3947.6858351765823,24.0,4556.217541285997
8914.030181456072,6308.936429875591,28.0,4940.7260403964265
8068.540071348372,4082.435289403548,31.0,4868.604473993359
12663.221106075382,3503.591844065363,29.0,6259.517082476798
9385.270819615243,4816.969484862313,29.0,5163.280665206896
16655.244435472992,5742.23022931243,47.0,8822.600413023352
17545.194098038046,4383.023229421675,61.0,10519.826313000736
20228.77603999163,7155.017529832074,76.0,13046.863039718339
20177.249684881,13307.659292675555,81.0,13754.233166131167
24921.816823012516,11151.43962767559,81.0,15368.986052186703
21449.549671969136,7057.764757193749,124.0,17108.311758970725
29442.75203262187,4601.574159223586,124.0,19727.362016895968
18323.084252747347,4258.083879006777,124.0,15742.866593547998
1819.6644231109808,176.71506206641592,124.0,9286.507887447578
3557.238314781868,0.0,124.0,9981.94871597977
2585.647073418235,598.5294220760464,124.0,9564.702117505212
2836.754064913193,1356.3902063592027,124.0,9689.643163932757
2956.9590750682073,254.27229757184784,124.0,9655.796494772507
3298.469250079681,8159.6379752247285,124.0,9781.26466558939
5718.726728182551,29181.576629661642,124.0,10682.073350335233
7769.580233003693,22681.01682970573,124.0,11772.155408557908
18745.3330731897,13059.13949889789,34.0,9411.386100648699
12956.122410833947,5228.524418641999,26.0,6675.2200984072015
7809.578446634707,1898.4730386068425,25.0,4502.600771441364
8459.675815533461,4448.538309887921,28.0,4859.548587373518
10793.361672683435,5421.541166067868,38.0,6261.712813063055
9365.887240907074,7463.039072226112,39.0,5866.603197523072
8325.75048839554,4148.107524590815,31.0,5021.9208672063505
14587.746208083368,6073.644606843592,36.0,7369.867285374365
10649.288007563593,7435.959297941251,48.0,6951.085012452893
18891.30882498795,6879.248591492822,70.0,11783.589416058796
19372.156416591373,7789.01528256697,83.0,13564.06510880015
24987.48109386695,10006.842255042118,88.0,15969.99200302193
25614.98987797497,12778.274929130823,88.0,16189.854609864771
22840.618292839583,7069.194521976758,124.0,17826.229314408836
29788.025235734465,5573.079364453257,124.0,19779.505040875603
17405.37705834638,2353.8699893529215,124.0,15244.761350359891
1816.7281295977837,274.70267214501894,124.0,9284.599296664
3660.469397549167,50.14699610943595,124.0,9933.86625156715
2917.603753316975,21.917901774620017,124.0,9662.813055183471
2928.5237618773076,695.7071294132619,124.0,9674.329076735072
3089.655301912338,211.06490525652964,124.0,9726.664459941283
3213.1980302284605,8853.601278679072,124.0,9749.36526532937
6682.207125361905,37229.14468223528,124.0,10985.09947156125
12119.878228778203,38890.875506755714,124.0,13251.000898210928
11323.178873992129,12528.583115258687,35.0,6962.568309900453
10179.951005487475,7206.21955993784,30.0,5976.422413121763
7846.786967643388,2412.8223291626823,27.0,4693.017391114511
7947.908425581457,3691.235180948923,21.0,4182.038579733785
8028.790863630574,2509.202140449981,23.0,4325.869911718129
10418.518287398423,4694.617820287868,34.0,5896.316345688184
8798.625954065019,6040.711217007538,27.0,4855.233112154067
6655.109724514957,4959.262539625788,32.0,4513.792286383363
9987.807723840795,5361.708846743901,49.0,6785.14204018498
16696.725743392934,7086.107778423775,64.0,10768.273225398387
12014.740404982183,4879.187438268337,71.0,9879.4855799489
19488.363114592958,11145.608412382875,82.0,13376.627389895095
20266.36940184667,12140.443293463813,77.0,13461.02929308251
18984.342324820238,6846.0748822028445,124.0,16311.047139887472
18307.258107689744,5747.161575894181,124.0,15932.583300755601
14780.737611228798,3031.75115650557,124.0,14412.099218235997
1847.5509497185549,125.38623126621049,124.0,9304.634129742502
3689.4446580379868,77.35939242392777,124.0,10006.506898443824
3496.470046154334,189.5762823075056,124.0,9833.835115230931
3004.2380452484294,0.0,124.0,9671.398554931986
2881.653538827648,75.29059632917244,124.0,9630.945667813126
2694.0651978156598,2701.3765402513245,124.0,9579.51159318533
2394.3927160226954,14684.971919040008,124.0,9493.35301538657
4088.4798073344064,19076.89841125247,124.0,10175.63840460665
9307.849802076946,19798.04533293321,48.0,6818.7588041858035
16390.79060984667,10399.334398403887,65.0,10771.513043069828
17013.93359382135,4812.453297334785,62.0,10415.562005740258
16124.616566601977,4804.976134042939,56.0,9469.949287240297
15026.848106888563,6962.4481952264905,54.0,8885.300679505215
12592.37341302737,6648.917176776753,53.0,7952.224717442585
18204.350698619244,9877.444915609061,59.0,10199.843357522665
14367.793023057728,7726.060573398942,61.0,9108.198137018322
10714.412733470615,6194.487753754605,69.0,8452.023471373988
13183.934182431114,5721.1256935426345,77.0,10320.715777549853
17608.539014973765,8465.652234138051,86.0,13163.02818779301
19288.904617605753,10617.281079918148,82.0,13735.241638849524
24887.5088575702,9678.256996814907,72.0,14683.614151583457
21761.922205544244,8080.051543523496,124.0,17273.76273558613
21261.471975153076,3459.0664292916645,124.0,16849.548826771937
12615.862344398725,3323.1829296636083,124.0,13431.159370739932
1851.8132435682487,482.5308219668766,124.0,9307.404620744803
4145.8942988915605,0.0,124.0,10119.817967435682
2559.365429249612,77.64938466958702,124.0,9542.271746153527
3908.658769003837,259.01216194853185,124.0,10048.225256648097
3010.185407171007,0.0,124.0,9673.361184366433
2803.762321887258,2101.5629920907318,124.0,9605.241566222798
2981.3036480816713,14563.96668593598,124.0,9716.596815384777
4955.915024928311,9492.825709981595,124.0,10461.200966947223
12736.878536913013,11326.823076206569,49.0,8132.040749754509
14953.18364835097,14266.92807149477,68.0,9905.171444449552
15523.116639786667,9140.861443881566,65.0,9882.278176593107
9717.991745229308,12546.722510774185,64.0,7824.295012928307
20511.477224760725,10919.707911622772,62.0,11250.694592722648
19753.121297066682,7108.792547281087,57.0,10623.740511296466
20932.383382235235,6185.024797078346,52.0,10611.98977797705
14197.767414693455,8029.823227693637,48.0,8116.933088781709
12629.175748781683,4591.459690536186,54.0,8036.779461992525
23817.32958955008,5634.725296310956,68.0,13112.332720220627
20443.12456951387,6203.530861106142,84.0,13878.095543555954
18587.643900207797,12155.33849425316,82.0,13261.99871276718
14527.208310904914,8918.31175498155,81.0,11995.172368259144
26100.068575681034,6110.18695538218,124.0,18705.886952870387
21444.68881422544,5785.332538039113,124.0,17050.559536281413
16564.90896201995,5710.356389205157,124.0,14969.954961021445
1891.380654457579,0.0,124.0,9333.123437822867
4840.975551364293,0.0,124.0,10415.3380438619
3603.810033341604,0.0,124.0,9891.969337324348
4225.090661979047,0.0,124.0,10074.27991845309
2524.9773054816924,0.0,124.0,9522.031240213504
3894.6978984326825,2370.784334815045,124.0,9983.811049592445
3159.134471585154,20569.971842217325,124.0,9780.313088248973
17869.14750577519,21708.7385268497,124.0,15068.87918606756
17834.17632020013,15694.87718343499,42.0,9710.627360661329
13087.597957576783,7106.534947561598,35.0,6970.116261696885
11247.228230088187,6598.859218261516,39.0,6620.031265476628
10847.63874016388,7276.72940791808,38.0,6316.608045995796
17490.899509433428,8395.468018381669,38.0,8461.256839353868
8794.87687042536,4295.035082536439,32.0,5172.040028210774
7919.539690156474,3666.366977984458,28.0,4598.275133831998
12595.346266715076,8200.535822725047,37.0,6764.005677462845
6883.305792115111,8906.952050984031,53.0,6015.511419325466
14911.02249702677,6226.587088328848,71.0,10507.259170824731
17899.97394017127,7661.425536833207,85.0,13108.769317344078
23098.63902759593,10157.701953199257,83.0,14666.176145834714
19249.120328808185,10346.710294222334,86.0,13834.348497816782
23751.225581504335,7885.457195249075,124.0,17997.881945332843
22144.004891585235,3781.1927251639463,124.0,17240.42408312609
16392.909209403486,3041.9154544246694,124.0,15103.899125081802
1948.8522657162598,1289.9400984192887,124.0,9339.521585782084
5002.863654405729,0.0,124.0,10484.001055929382
2954.1472121839215,0.0,124.0,9654.868580020697
3384.9270873817195,0.0,124.0,9797.025938835968
2823.341157166593,576.097540919731,124.0,9615.178441206948
4284.1358130391245,5878.537904023751,124.0,10128.843801885116
3988.8310877527765,18442.497583886856,124.0,10106.912506035122
13017.760381116434,26462.48005710169,124.0,13309.503788140582
15891.969320208715,13750.44698730732,44.0,9155.02076874864
14335.335695168053,8735.70987193485,39.0,7889.724771255781
13706.82973409511,4673.325081835191,32.0,6932.339038512972
11463.253627965714,5790.104550677786,26.0,5684.437798483296
9535.043599319615,3674.880809798215,30.0,5279.491415657042
17209.14414361853,4674.340259934589,28.0,7679.738621774544
7895.0905248589015,4735.078376914064,29.0,4701.5090530124
9836.980026612684,6950.4029625854155,35.0,5733.858516661569
7956.2094349530935,6672.275365169347,53.0,6377.54289797984
22942.374916974113,5693.419178107132,68.0,12933.941006249868
20157.259957863473,5732.062302626173,78.0,13334.019163776746
24490.256876025564,11369.311972498646,86.0,15716.823696190402
39639.659011461416,8928.555573148651,85.0,20740.569415438364
19118.62576174716,6542.019519756361,124.0,16586.488350948413
22306.534716081067,6487.921754773954,124.0,17398.957080073385
13358.69976064181,2351.802604183679,124.0,13802.873096429652
1800.8562111705019,369.2881509993225,124.0,9274.282549686268
3073.4765836033635,106.44084721704324,124.0,9714.109275513458
3301.1448436643955,0.0,124.0,9769.377798409254
2872.5685083893427,984.0116960299512,124.0,9636.529844803894
3095.2955673518372,549.9218607497712,124.0,9706.928380587471
3026.832399219943,9216.682524243122,124.0,9722.42092997026
4273.885639373339,24967.054423660287,124.0,10309.455817850605
15267.660673909775,29518.05284226909,124.0,14259.577033901269
12589.253830164376,15577.381015947089,43.0,8014.092901796125
18397.703277656565,6010.666890303666,38.0,9460.557437425563
12932.89588314794,3540.4475754302,33.0,6855.322574019743
5955.576199594757,5674.2282854956875,28.0,4062.977137291096
7638.441147680898,3916.45838742579,33.0,4864.4561108701955
6635.2129592207975,3447.8231532280647,36.0,4754.322060826998
8082.386430263661,2658.74275515688,26.0,4534.900873896973
8503.772223333815,5497.096728966634,30.0,4932.303947722263
7852.3069925204945,6874.145770569022,47.0,5887.435056175161
18820.459445263095,4884.290107808139,67.0,11575.524526581481
18347.028064697493,6113.690443456917,81.0,12896.851004239319
23716.87700126731,10795.768413728474,74.0,14354.542523874303
28969.91015616348,11671.166153923792,79.0,16604.1383432883
24196.29511478301,8694.341263164082,124.0,18251.639609218128
20583.292155439172,6787.8794501713155,124.0,16847.95532923113
21052.52869700217,2905.5655705170084,124.0,16559.45731304495
1825.624795994031,55.51677962156633,124.0,9290.382129821563
2503.153681244005,0.0,124.0,9506.040714810524
3320.7098046862666,0.0,124.0,9775.83423554647
3400.377711921961,498.5105498722444,124.0,9802.124644934249
3405.8347992528625,224.37528922011455,124.0,9809.004497650178
4518.408951759303,6393.488278688738,124.0,10219.347074778207
2878.8802589708566,25775.9816063229,124.0,9746.787781727393
14596.550329559812,24839.057434480266,124.0,14022.970774056534
22328.875438783234,14383.78732196465,37.0,10729.442748542851
10622.505856403957,6729.134288779273,30.0,6231.955600287662
13688.531998141078,4887.855840087062,31.0,6947.796306205902
12251.295701969475,5802.262323822453,32.0,6364.2749884185005
9341.508789739986,7630.908797822147,38.0,5800.5165453419495
10917.219066012138,4861.837947612877,42.0,6572.700678002536
10771.6595204468,5361.353063396986,37.0,6185.479050956698
10201.819893444712,6089.2074932741625,42.0,6341.653451014851
13945.695227482069,6174.681525629262,53.0,8344.584377884259
19626.08540752829,6759.981075425819,70.0,12282.494140025383
19168.847132515126,6680.157255654907,86.0,13679.793553330672
25050.212356153177,9956.616866985953,82.0,15514.7152898092
27424.22740744139,11143.703431646774,79.0,16091.853052983093
21115.52267433396,9102.309005941821,124.0,17003.349514852438
25303.12152780381,4118.707962257663,124.0,18281.8306586229
16115.031139113491,1448.425020997599,124.0,14736.619830062928
1834.8470713898682,448.167497078826,124.0,9296.376608828856
6396.117720293127,36.45651860833168,124.0,10838.68477511069
3364.7352382510608,213.00853143458565,124.0,9791.039724252709
5029.263001237495,235.45062625942128,124.0,10400.219232856718
2963.62072053739,506.0361656504373,124.0,9657.994837777342
3209.9348533329267,5844.484750593454,124.0,9760.132292534561
2890.251018690987,24897.83791517304,124.0,9729.182035946571
5711.164565938759,36759.33665113747,124.0,10917.688776838875
14161.900326824745,11174.789623727775,32.0,7572.579720437494
7811.280646318061,5472.056415494657,27.0,4707.188407305914
11228.9619642143,4974.383145040026,28.0,5769.929006167509
11112.13397503499,3768.3807129542033,30.0,5826.34390368632
10088.130526160841,6170.161317087213,32.0,5609.541195426679
11449.638804034066,5548.545121267935,35.0,6275.989031257497
6756.6952557113445,5003.456794093175,32.0,4503.556971225359
22260.81672706359,9435.289316500599,46.0,10615.255339127687
11533.46021461862,5761.079564648991,62.0,8282.684499636745
13212.694439313189,6376.200822426627,62.0,9449.08417728371
26501.92894962667,5962.231859573598,76.0,15188.423723336446
19832.462290840787,10930.930645370854,73.0,12872.92462236878
28761.200114243034,9330.869333637009,80.0,16512.900519290553
24151.872386648218,7303.2011606673395,124.0,18262.42885487265
23255.492067212996,6295.15939575297,124.0,17687.73147217522
16767.628144361857,3188.049335139369,124.0,15217.481333038693
1812.9279209987546,538.5384843761723,124.0,9282.129161074632
4005.758148406764,0.0,124.0,10105.398765616566
2575.777993937971,259.3651503957808,124.0,9560.66542106622
3130.6616337950913,772.679916895305,124.0,9713.118339152385
4117.708714181197,747.5557952437549,124.0,10050.620481920636
3215.0422928761714,3433.1548981081696,124.0,9745.631401651171
3165.1671747363866,13683.448204722876,124.0,9759.5776025315
5471.015918378989,19834.660579647993,124.0,10599.696678247443
8637.01492235393,14746.902294140062,41.0,6257.151360426849
12907.103219598104,9678.254872144884,61.0,8678.101996734318
11600.252594096264,7734.629684217895,58.0,8024.830479727452
11344.100631471149,7557.937559391434,51.0,7379.738818119882
13695.12773172387,5901.008773404608,57.0,8566.459640351106
18001.966164387846,6635.247526289399,62.0,10340.805511978384
7656.01325422967,4915.3524411154285,54.0,6388.225683940216
12307.630076326259,6245.618200669811,56.0,8048.179634513233
15167.755037602034,5073.045495845874,61.0,9303.447668771982
23435.338827788666,4934.6154142654195,72.0,13515.76469388821
17635.456383506396,8092.460381901264,87.0,13110.15717590294
27997.541143315048,12302.990093516682,91.0,17074.32900813638
16567.52564173103,11801.158507218212,81.0,12636.077520312663
29845.65842120414,9815.215360148002,124.0,19967.97783460938
35149.54720799566,6287.0673631769905,124.0,21831.610437588806
11020.65543406598,1846.587018805618,124.0,13295.785029888937
1838.837402053116,470.89384361505506,124.0,9298.970323759968
3514.0862709798043,0.0,124.0,10014.991287798255
3145.529722671351,217.46210967376828,124.0,9724.032374406333
4752.258383381169,747.5846712383131,124.0,10260.60775062576
2662.5423283501764,122.74970275796949,124.0,9558.63896835556
4191.682515392915,3558.315940261508,124.0,10068.23956220079
2848.940657548157,8844.552483390273,124.0,9704.914472881952
4879.5651701021025,15714.73913445001,124.0,10562.911190895991
12333.14255940228,14986.142686969535,47.0,7829.121639449369
10636.743160507303,10847.892208583527,69.0,9083.23851443082
14362.282804717544,9229.20481835939,65.0,9595.580678947379
18988.808668670023,12060.49594597978,62.0,10804.737609269643
13341.307806468998,12638.13939382024,66.0,9198.402624987462
11572.31982763065,9337.74530830346,65.0,8479.240747599611
9932.864461700408,4826.497119307145,46.0,6576.865669412504
11132.232988231925,9585.766441126538,46.0,6950.018657454952
12970.507687847678,5288.0597020357845,63.0,9364.663138694501
15747.560065787184,5805.493748548503,74.0,11443.802281047416
13974.434902228972,6358.364409368361,73.0,10885.0147846934
21223.54781527414,9482.884390227373,80.0,13993.457405274225
21620.392075627988,9425.80355384002,78.0,14005.996664208522
23689.63522068186,9193.739451820898,124.0,17835.285902846466
22264.98128276711,7267.612317597245,124.0,17246.25665309007
21358.329114602817,2964.2651929462954,124.0,16700.920071651635
1800.8562111705019,133.63771097237864,124.0,9274.282549686268
3109.4998794218945,0.0,124.0,9754.060041879307
3416.071453082465,696.2504468996077,124.0,9821.492260698431
2913.5655963354943,374.08347223475573,124.0,9686.121415414138
3474.80660516164,521.6407505171994,124.0,9830.85721091371
3336.4561734583103,10611.070360101015,124.0,9851.47037013766
3619.0406270101735,24218.639865152418,124.0,9955.936795752363
6386.011924473825,22953.04839164764,124.0,11238.96927878085
11672.925367602642,11173.07748924581,47.0,8038.36052728888
11577.002942519586,5249.766713637486,33.0,6913.784002862087
12657.128787239373,5285.322290472438,32.0,6737.658173196377
9462.73697466399,6055.349771878247,30.0,5358.370709268092
8566.374090683963,6860.754162495831,34.0,5337.902387287498
11082.994661784263,6917.450637798261,36.0,6254.453549659889
8047.02347771436,4864.708181494723,31.0,4905.355107464697
14666.077706322527,5914.083521554122,42.0,7811.850768670472
6128.224971819551,6138.739596312121,58.0,6135.492583118246
16984.33612285437,5523.850475071124,65.0,10930.665969103657
24303.932920329426,5049.802533181509,74.0,14435.903832109421
29514.610615739406,10632.751629899687,82.0,16924.224301005015
33942.12267943598,12341.310582049686,81.0,18293.422440728173
19396.96103068981,7005.814191221073,124.0,16413.364556376146
15724.752354823364,3596.490431847672,124.0,15095.569396398632
14798.559080813495,2308.271026859184,124.0,14244.810040443559
1805.5345717772266,0.0,124.0,9277.323484080638
3085.24122018818,0.0,124.0,9698.1296026621
3028.966068907411,261.72651641890405,124.0,9689.13616253677
2722.6698268076566,431.73633624451855,124.0,9597.481093485409
2983.057532760008,338.7024852015078,124.0,9664.408985810804
3548.187020905372,7017.3272023173695,124.0,9913.841628415837
3121.12064581646,29682.599434634918,124.0,9831.473669998311
7091.01988058234,27168.46551398164,124.0,11730.980643401406
13935.064491206293,10847.9406026721,44.0,8611.982064652408
15914.351401855714,8143.755412690715,38.0,8726.657914215106
10770.81629955536,5139.011868383612,29.0,5908.401815228199
14622.15687038673,6897.790619566912,34.0,7330.856225781241
8361.028946181375,8524.605178435519,37.0,5422.019236875057
8869.015674860972,5970.82598792985,35.0,5430.381596970307
7282.917776120396,4772.642525454238,31.0,4606.788152374598
7203.696167445617,5172.167558720707,36.0,4950.774752241479
10491.403192251848,8464.421099456897,52.0,7154.652040757937
28210.796442879073,3553.6987473346294,64.0,14560.539685448235
22851.527958594954,9017.679077960922,77.0,13967.66919298939
26730.8954427604,10643.816435125722,82.0,16209.162477077236
24161.201965820856,11132.549890609207,82.0,15204.20151757605
32674.97141142652,6976.113342016192,124.0,21121.224525690868
20218.34838787264,6958.209162416558,124.0,16680.365534266988
19637.149183106372,2133.302950120345,124.0,16066.799372697016
2723.3634093702635,97.22751285880804,124.0,9582.966529446554
2838.564484941691,0.0,124.0,9683.509988365155
2983.66267781886,325.33584505456196,124.0,9678.005332883367
3331.091510822371,742.2387111679961,124.0,9799.530178833691
3422.568351983752,0.0,124.0,9809.447556154639
3128.151573244231,9592.428521605829,124.0,9716.264525104383
4087.7449913158757,31731.319133109846,124.0,10202.821274180918
8290.29177878648,24226.104413172856,124.0,11968.944052895307
14712.597605313198,12121.856971736004,41.0,8658.922181417845
12957.58944315694,7614.27523098762,35.0,7396.6337592584505
8319.230934256384,5186.560676021998,31.0,5140.339919899203
8035.310435891948,5411.566681093225,33.0,5069.346354584557
10980.893434267022,4208.829337452724,31.0,5914.1005348086
10433.574589612961,6236.236328103021,29.0,5592.310618845502
14824.074817809325,2269.462061934794,31.0,7131.668467267871
13174.146399424124,6737.945667172348,36.0,6961.33964977984
14291.5673385175,7664.682251269991,55.0,8685.968372374748
14791.983368082407,7163.445016272863,63.0,10149.121244828857
21126.214223149887,4617.895334794123,68.0,12825.037828341112
19799.240834790795,12890.155560705434,83.0,13830.908461323079
35710.17022518709,10149.378613789379,89.0,19483.159097998177
19876.277561930252,8643.203281181928,124.0,16597.93876741002
28839.430120486548,6422.1174826812,124.0,19587.596025756386
13323.087652159935,2924.4341855090115,124.0,13801.77442202815
1867.4363061940549,260.42448468357327,124.0,9314.1520054458
2603.5419698805867,0.0,124.0,9539.168850060598
2999.9175288947044,437.00549975534284,124.0,9681.323729480227
3078.290682877377,264.86631883494556,124.0,9716.43329423452
6129.423823537036,374.40766903683544,124.0,10719.336247622154
2965.5495583674265,7560.424779218063,124.0,9696.485522709667
5673.777758952297,21963.700185108562,124.0,10738.791947923219
13947.117054990116,28478.49980973365,124.0,13761.3114455566
23236.58464222976,13205.9009948836,44.0,11580.528018703484
6721.688919126337,5198.578068151946,31.0,4555.365386964371
10040.06820018441,3157.1724393106992,22.0,4939.848926167097
8830.662568548978,3474.7064997859297,24.0,4643.18300013192
8705.050462239473,7472.493014761185,28.0,4849.540104245685
6600.253180266959,5923.757909878716,33.0,4499.705329009816
16719.368334906452,3346.1217988374333,25.0,7276.786331778634
12888.547399552368,5523.519883863131,32.0,6517.096438836292
10437.10334804342,6708.062786360333,54.0,7366.64927583773
15145.181801969793,8702.682620781163,70.0,10862.449715456109
21159.678066474295,5085.170715613664,82.0,13745.634752235364
26634.11820760411,9887.52802920863,88.0,16386.00786866014
23738.043586443335,8902.649331868564,85.0,15622.230358787776
29780.804563939742,6784.578203129644,124.0,20078.62131047781
21857.72237686496,6488.490772808218,124.0,17399.721125124164
12863.27906310447,2729.182250837361,124.0,13950.718141707275
1865.7139993323372,0.0,124.0,9316.44011199146
3829.1123313376233,0.0,124.0,9983.082390976355
2894.2539568179486,102.92222306566934,124.0,9635.103805749926
3127.167234667946,305.67214306617774,124.0,9711.965187440424
4352.797908627997,311.9619445320219,124.0,10125.14837476904
4876.930167063553,12001.554908420392,124.0,10292.613047734494
7643.035509985653,45126.808129851524,124.0,11403.145970417005
11138.576620815842,41444.70602098491,124.0,12953.620137861946
12588.494750377527,12701.05895451357,36.0,7461.185371696385
8772.697598159495,4737.384672257552,22.0,4922.979460415043
10473.870175351905,2802.3945675523337,22.0,5458.760974609679
7564.653448580053,4079.109097424398,25.0,4531.993778183755
8373.337874269248,5084.746839548771,29.0,4912.724069199792
10110.689368803087,4847.733304472144,31.0,5568.599427957002
7518.945469179444,7325.595900649452,30.0,4625.870216923984
14350.53517912576,4988.509843992069,35.0,7248.566346530225
13361.303238450371,6748.45498632677,56.0,8869.413921099691
16084.487083109643,5636.860326982041,64.0,10753.242920508415
21237.52723166719,8171.916042685633,78.0,13771.32947591849
20879.946017435395,17372.79915503735,73.0,13413.691884835907
23161.04239480737,9142.791013003887,83.0,14833.275284285552
31382.2075238513,7023.827862942341,124.0,20478.70865788466
17880.36981737192,5667.789693276583,124.0,15980.302601047706
24793.160088402867,2213.7161597006025,124.0,17703.140377558182
1815.9785202495073,209.35189810593923,124.0,9284.11205058762
5297.429906187509,0.0,124.0,10509.150254221538
2572.7043621806647,0.0,124.0,9528.99243951962
2496.5604393066974,0.0,124.0,9503.864944971212
2905.919548803437,1487.810498870661,124.0,9653.574979835292
3087.6911648705204,10913.920957436163,124.0,9768.9920026432
4812.611937908186,16769.161766808105,124.0,10342.142998784379
6961.937206666444,20304.684987181547,124.0,11294.784505428255
5770.867780214221,11733.45921643178,43.0,5542.919915707265
15295.397011118113,9806.34943919368,56.0,9890.210145826735
16843.000867726307,7849.392782382793,57.0,10193.45521759721
21117.019579146825,8517.10390010675,60.0,11524.890470460252
10218.762508776445,7060.139886603629,56.0,7467.048780025513
18604.4476066165,5617.439349419499,54.0,10032.927254838556
14189.322145883518,6020.756166368351,48.0,8117.636207917238
14779.469776814816,6346.908396374434,48.0,8329.36791524052
25831.33930798574,7720.963402795543,59.0,13007.53687480665
21082.52383603871,4907.13684442751,67.0,12680.64937083791
16832.84320169955,6423.507344639923,80.0,12299.570114528058
23763.389413756682,12131.334929907322,78.0,14643.968367079935
25591.3467709649,11358.547598983845,77.0,15187.104506658765
29753.750215261945,12094.007103089618,124.0,19968.576774424204
15624.328071555565,4645.364025111993,124.0,15136.902336741981
20357.456922661015,4948.0116788070645,124.0,16502.47905009833
1877.2094391918254,317.90843954222896,124.0,9323.912147900128
7808.7497579161345,36.3713249048839,124.0,11348.55155750489
2787.658518710248,185.44429271245997,124.0,9599.927311174384
3056.9713240660967,0.0,124.0,9715.791960581915
4011.4743615931197,293.43937351889906,124.0,10003.786539325733
2626.234668268497,4215.549333753064,124.0,9555.683510632012
5375.595928893028,7949.976133305828,124.0,10480.711495497146
4282.369135724078,19216.211240606634,124.0,10227.793059220552
14813.089541973708,13210.82126246318,43.0,8395.34182229449
9202.039789519853,10171.409112961343,53.0,7050.246350738847
12943.058302290598,7765.8539196992915,56.0,8299.802336222016
21374.428249111443,8220.210245223467,51.0,10705.5611067691
9668.258265899785,10495.106741770358,50.0,6779.898443746356
14068.934284858296,6092.721931605661,52.0,8368.257566510034
17786.2616765732,6494.610176020611,49.0,9333.94819154883
9562.900438139199,8529.330399908993,57.0,7399.387529460544
24085.369814259964,7809.099963190655,59.0,13035.16698582405
24427.454916883456,5009.738582636044,75.0,14506.916505710264
24064.959871583545,6422.979445810368,85.0,15578.551049158214
15601.995184445885,10106.783270429076,85.0,12702.700361449464
23071.02402599175,10276.176280825088,81.0,14921.80472705081
20399.360417035474,3852.0864796951414,124.0,16861.462829167715
20448.760602691396,3315.349637328337,124.0,16663.598861395498
10556.405706650708,3464.138505842785,124.0,13130.62767994738
1847.1173807982636,475.93313594534993,124.0,9304.352309944312
7103.384978178634,69.60342049747706,124.0,11219.282972507706
4640.15155818287,607.7086771716674,124.0,10247.243648819123
4132.621952886266,537.4629517344137,124.0,10102.307104555726
3257.2168106274544,126.437688308085,124.0,9754.88154750706
2393.4548704977465,13210.012159812824,124.0,9508.060141163345
4585.665878528308,29442.874958177043,124.0,10330.100461410706
11691.910780923827,25512.735951292267,124.0,12963.883143353582
16314.802491661101,12040.204973032452,31.0,8541.161398269789
7443.598611566161,4390.832958845421,30.0,5105.388863063293
7104.662758357873,6014.280444093791,27.0,4495.782435653812
14097.171294264424,4096.41587547337,28.0,6779.792812955678
9537.089226014301,8003.338244761278,31.0,5398.789564984607
8848.949739216216,4191.338335197171,24.0,4614.370826653929
5359.17943614501,5734.48081513842,29.0,3811.8525282178616
11921.046906170464,7789.713439861312,44.0,7050.281765108992
5545.95312766026,8933.337399100637,60.0,6252.136379847799
21480.44690983252,6634.426044446106,73.0,13262.747039637079
17264.089537850767,7702.726718256623,83.0,12702.581243713737
16261.561992673573,11348.498806487896,85.0,12721.226138427264
24486.984328326005,11341.946542917936,83.0,15429.393231894188
28736.050263956637,8681.699546939133,124.0,19863.799792673424
21139.03332368458,5815.069998813046,124.0,17169.85795546296
20166.592546153715,3871.4278240237377,124.0,16282.484110613286
1905.3386596428008,479.1169066446523,124.0,9342.196141193263
2958.11320006764,0.0,124.0,9752.11886080337
2267.3544639153056,0.0,124.0,9428.226973092053
3035.6298493824393,0.0,124.0,9747.951663317706
2699.93355662498,610.5482130962114,124.0,9570.978073686245
3273.861204310879,9605.303027543798,124.0,9778.445705540595
4727.166549446401,22971.622330381597,124.0,10368.408393191557
10330.746435151314,25254.642074040825,124.0,12425.723409728522
15782.191302636922,13260.872361477339,34.0,8288.532329995267
11200.399658497847,6258.343444242701,37.0,6832.636033316194
8914.915211818272,4162.395364025856,33.0,5482.419529787256
12264.367366561244,5560.04863335006,39.0,6960.342103927461
12031.023201579155,9138.486967051154,41.0,6974.657622406999
10719.073014288164,8582.311790418997,44.0,6774.659199064455
14406.958325603195,5666.293852039923,37.0,7469.090661114753
10039.681510115623,7019.9017479807135,43.0,6402.579877953726
11781.461709698213,8753.821437907096,51.0,7771.3205446944485
22311.076802158015,6295.783418878789,67.0,12831.243517390893
20062.18733516773,5949.346443954732,77.0,13006.207234718386
30205.239592102575,14502.169589069486,78.0,16752.80611716928
25452.35218962466,9194.677472466728,80.0,15507.037662068467
37608.82695241114,7162.949354654674,124.0,22544.884954265985
14920.1522979218,6711.670407459388,124.0,14826.483843089116
13171.879170667149,1896.1451958564421,124.0,13721.548123317878
1814.133148817699,411.64170856202645,124.0,9282.912559156945
3030.6831636151624,0.0,124.0,9698.172898000868
2841.366334895268,68.23663027385871,124.0,9634.41754976374
3012.8034355910486,0.0,124.0,9674.225133745047
2895.458183069809,560.2238572393854,124.0,9635.501200413037
4284.080172350139,9192.345357798786,124.0,10130.736579552655
3215.7736477625917,25288.423154124244,124.0,9857.03298654665
9346.232894029876,21901.1964636881,124.0,12214.955620434132
16519.552584424997,12966.796497318148,40.0,9090.269389760779
12184.931245174368,6314.7689605886735,29.0,6610.3936514581
7045.858590414778,4209.595392681038,27.0,4454.892225321078
9793.772493108983,6123.06160779409,28.0,5311.636655081912
12938.172301646167,4727.041209175189,30.0,6435.620321576061
11312.49237004729,5316.484473415217,36.0,6301.112549516827
14970.286982934744,5197.740119922782,30.0,7124.737247066879
8089.7602670360375,6961.337944792955,33.0,5061.61982806742
15285.189607097052,4557.017524523164,46.0,8482.667435863355
18190.588791431368,6173.021314881991,55.0,10683.06694738122
16506.18922479114,7482.743023357665,79.0,11939.713678252589
13737.715205014523,9895.483055666215,87.0,11933.49049778551
26520.093808412457,10240.517647993689,83.0,15935.827387162222
27073.79630300805,6183.3563176439475,124.0,19100.53231949527
25379.99282509436,8563.664004283648,124.0,18635.337753645388
17396.215546729203,2255.066039578244,124.0,15263.205124204382
1864.8314651409505,629.0517613900205,124.0,9315.86646476706
2992.737908583896,0.0,124.0,9728.389713616036
2797.151943673824,279.066937130938,124.0,9603.060141412363
2788.2506321504147,117.73246891101203,124.0,9600.122708609639
3185.9073880712194,266.5205264305075,124.0,9731.349438063504
3649.920166760455,5730.01338061591,124.0,9994.37109973019
4173.390446586914,12876.0096291177,124.0,10174.383084829478
5609.780532716431,27079.979698445284,124.0,10749.92856686596
13955.406598428286,12196.101426334677,29.0,7303.416670754038
9222.71926990229,5807.150934666023,29.0,5501.834449623106
15269.797218835274,3183.1972766219333,28.0,7389.173274255703
9616.693375461338,4680.610543370123,24.0,4990.395441803022
11060.610809855509,4677.690648413325,30.0,5767.350185019978
7896.153946184471,4961.8673578693215,30.0,4774.585212048529
4527.872383308993,3891.4541959023727,28.0,3492.7676049285906
11010.920291730383,8381.752632571755,41.0,6542.377714302437
14109.92242218581,5507.663263607273,58.0,9027.227988718992
13369.491368265166,6498.583520256852,71.0,10299.881946883366
14529.036424396072,6520.001655608664,82.0,11694.033680288378
20656.283883333246,12155.12786190758,84.0,14197.389261702761
25992.81915993064,11506.858232442413,86.0,16177.183396706096
32035.85773343737,9753.591510569799,124.0,21041.20234997575
23577.689158861554,5024.014325667545,124.0,18129.99739563546
19261.335267481845,3289.843624156962,124.0,15748.690487129925
1800.8562111705019,0.0,124.0,9274.282549686268
7472.940407867984,108.20146028722326,124.0,11222.181592374065
2911.581219839226,0.0,124.0,9640.821802546949
3229.2778766382003,137.43409313187004,124.0,9756.208174576059
3104.437481247425,713.2296230246624,124.0,9718.566567035454
4586.045237208076,9432.070726919794,124.0,10211.840213814246
3454.2635075878316,36206.72797596367,124.0,9946.645496239737
14031.577154573659,38762.42848921233,124.0,13694.338192443964
11338.08762835408,13739.007653623195,40.0,7426.113489729485
9279.692094258826,5918.692152619362,34.0,6127.36527164471
14137.526441179598,5343.304941099384,35.0,7930.472398802543
7659.3413277160225,3980.5850943213954,29.0,5231.916150011965
9615.657459375872,6185.516294827437,27.0,5307.422580568298
6789.2470674123415,4491.2870332936445,26.0,4160.579262861629
11229.36388048587,5629.100799051672,30.0,6035.094921356028
6483.789464389646,4528.786017145341,29.0,4670.328917772947
12705.246000604711,6962.890747887393,49.0,8354.302249898195
17061.975736007287,7260.106262653568,71.0,11674.113542166231
18979.47370210701,5708.855863686776,87.0,13671.038180873315
23625.455210233198,11295.653235575059,86.0,15383.170048362397
31496.481293391193,11988.76209106917,84.0,18172.994467393426
27529.94029176818,10027.179370728383,124.0,19460.927521909696
29473.957299480437,6173.767534979806,124.0,20091.46473305968
15388.438719847289,2498.95355909504,124.0,14597.65425543481
1922.9196480066846,192.78562301546336,124.0,9353.623783629786
2784.452168807647,106.21688446775079,124.0,9661.523855265299
2833.522275222784,0.0,124.0,9618.071664733996
2586.7017888198525,164.10190777406095,124.0,9548.061826010731
3360.061052194834,417.00445666188995,124.0,9788.820147224296
3293.033097850145,7165.237564510357,124.0,9792.58018389374
5711.120141083339,15604.684098560241,124.0,10615.349056565772
5284.225253540351,16870.497409027193,124.0,10590.925230973993
14768.299710063138,15889.368506141625,66.0,10140.700484967949
17540.475836252623,9726.76740273026,69.0,11821.043801486854
14485.623627380293,6018.212742265934,63.0,10319.436728622986
11764.24673385534,6811.739590111623,60.0,8595.23871740227
18341.62278991146,5269.305778441454,58.0,10360.101792929914
20026.099855914446,4619.855447223161,50.0,10193.014738336258
12119.014567960934,4343.743423611423,51.0,7602.824591253029
9808.861958779018,6275.826486439132,50.0,6767.358051811496
14859.3703397881,7376.966978983954,58.0,9327.252715398228
15570.701261084247,6393.728415645659,75.0,11290.519750605454
31840.804687161646,9406.361763188366,80.0,17522.735616094764
21546.361614654146,10861.355536356323,80.0,14120.777636654067
22511.795643347847,11436.13548363236,84.0,14900.022604936414
22429.883881014368,10104.64930229249,124.0,17832.521208914008
22652.3998768972,7586.598231317972,124.0,17343.567120265652
11911.606016779397,4162.034414373089,124.0,13574.068120697035
1829.0910999586192,0.0,124.0,9292.635227398543
2925.480899972061,0.0,124.0,9672.235351788062
3098.6173345616403,176.42277275187274,124.0,9710.20660645662
3125.535493080154,376.2709495926897,124.0,9749.45797858694
2846.6211758330105,0.0,124.0,9619.384988024896
3441.5395305727347,4399.559048625455,124.0,9815.708045089004
2653.336640482555,10226.755950024848,124.0,9616.280048553004
3995.8788913125672,16272.787309446561,124.0,10131.318683047093
11037.153518526778,19903.36440956767,49.0,7518.464623640238
16167.832064149688,11331.647478987648,70.0,11322.717823829022
17226.866357726878,12064.751538523038,70.0,11722.245356513242
19913.990785764523,12027.693471229573,62.0,11348.166624895637
14735.740789711252,14043.015511902797,64.0,9599.623308724527
15629.859489988283,11625.83084182168,51.0,8832.327682994295
13132.460062925951,11098.380977721637,60.0,8612.655642056548
12648.974507257064,11886.316644202547,57.0,8231.851997842403
10068.158946610169,6973.380151148513,65.0,8248.441379341975
15600.896083828697,6375.679549199964,84.0,12143.837733042841
28441.92074153048,8092.235705980034,97.0,17645.523966096745
20542.940976173802,12369.873999023559,93.0,15077.15746216862
20559.32962114979,10867.661314205452,93.0,15085.460671936724
18576.00585944143,7641.61731162593,124.0,16333.63084375145
25716.91002025998,6738.668377877523,124.0,18569.58608463926
22151.84451626057,2453.5140903836736,124.0,16800.069407795647
1840.9319245993531,443.6573402335247,124.0,9300.331763415019
4859.329303263242,0.0,124.0,10375.279666771965
3014.9991528803416,118.19769170731306,124.0,9674.949720450515
3124.796396974744,467.02462029904126,124.0,9716.183765148886
3433.8007739828263,741.076556268086,124.0,9813.154255414334
3497.4469429994056,15034.813599952064,124.0,9932.370057876733
5190.957498896389,36427.228642625865,124.0,10601.130494252719
8405.8137425129,29405.15532158935,124.0,12185.878410646535
11443.907999254036,14777.52623895506,39.0,7413.044059113603
12054.529041926082,5249.96643608734,25.0,6389.909427083013
8279.711328457599,3683.040073716144,19.0,4491.13557915076
6569.909300054218,5100.033989233151,22.0,3978.79196834186
4618.137247103368,2854.4105726600933,20.0,3123.5844010226747
8626.149601971576,2804.3260084205617,20.0,4298.318947010255
11727.090309865047,2778.1620615507163,19.0,5230.285375882421
4216.650407108685,6725.160702371349,38.0,4083.9223069303016
16111.575962116005,6086.6162104270115,54.0,9336.315945627593
13629.642433153162,6464.413506642605,60.0,9588.958818028168
14903.173825512438,5515.2741944498075,80.0,11636.049613328878
21699.41468826985,12623.765275937942,86.0,14539.291031508288
23996.33624127748,11040.974560929837,83.0,15230.295958706685
26635.472032358906,7831.312969987343,124.0,19131.331615360577
21437.81248946646,5999.974068084483,124.0,17166.845191777487
11931.653817494438,2939.5968445284916,124.0,13393.57525352733
1822.15190640174,705.8825074589502,124.0,9288.124751586573
5914.395593453301,0.0,124.0,10708.798576288278
2988.4987713939677,162.58171934957306,124.0,9666.204594560011
3311.7226593804157,435.4404953703284,124.0,9817.445418558687
3505.44098025868,242.4994167018682,124.0,9840.021616088885
3327.223694190707,12974.506030302866,124.0,9838.748169918937
3427.0985060533358,35020.95350219185,124.0,9993.468908638673
10792.377484791248,32281.688838422793,124.0,12912.450863632372
21270.04752765585,14580.33076053932,36.0,10627.191846056689
13363.632654769142,3952.443767617022,24.0,6699.686326158915
14389.27490372053,3315.006281424065,21.0,6769.484613499064
6456.617450250312,7136.992442886654,23.0,4091.397690032732
10557.738793174352,6858.940344182278,35.0,6097.42483875078
11298.001371072145,6295.332732365279,35.0,6347.490973481519
14182.912145732687,7113.05059504211,34.0,7392.175453404831
8721.023840841384,7301.520132027691,43.0,6533.100531813463
9788.581212862382,6990.1712494404355,57.0,8176.523801508001
14453.803333726351,6307.572688269615,66.0,10555.267697964307
22745.361362655818,9673.949086840948,78.0,14552.674055356249
24649.08729599855,11562.658052851883,75.0,14950.01212592385
21193.128976322718,12204.108750575035,75.0,13803.174807200701
26272.39023774756,7059.629265100509,124.0,18882.791083982785
23965.450220442715,7191.508570873613,124.0,17973.03552193456
13739.606053173397,2819.8763951390983,124.0,13912.245424083456
1832.1053441203007,425.2114976671835,124.0,9294.594486103637
4906.029121389848,0.0,124.0,10414.600883780888
3711.77854634776,120.45492750257254,124.0,9904.886920294764
3203.946191179199,0.0,124.0,9761.44115196728
2852.5889892985506,1069.3430703940492,124.0,9631.836935501406
4116.12607805155,10122.98280322328,124.0,10059.257282110762
5497.792252459966,32465.874213566003,124.0,10615.159123359168
11276.275040629744,32694.152770936606,124.0,13036.062343779713
13924.902662728697,16037.255173715701,43.0,8751.684303134316
9857.530598968182,5473.761546266825,32.0,6353.646539424
8335.378519595455,5099.820684236536,22.0,4935.533967899669
18466.93437202647,6675.394345104943,31.0,8711.845110073815
7657.567121603814,7052.372736244527,35.0,5255.6553715274395
16337.30234913594,4780.943936801827,36.0,8065.107504027923
7827.205427910537,4482.341040920218,30.0,5061.432973744463
6274.130788521426,6756.88025931033,32.0,4892.015779055056
20628.453355796497,4870.269557107365,43.0,10590.172144741538
14809.086701876702,5742.420814029251,70.0,10572.28328786882
22417.191404977944,7370.695346311107,77.0,14082.612325773387
13687.59220112901,10289.590148879588,74.0,11051.410692213673
19938.241011477472,9414.78302708243,77.0,13411.837241882411
28042.522608619005,6544.086386385311,124.0,19257.35563629696
14916.354689243768,7545.079471634079,124.0,14921.838545105227
13556.525637724824,1743.0345778390765,124.0,13791.888773555203
1841.3920817574015,375.20850457002723,124.0,9300.630865567751
6979.934116272832,0.0,124.0,11059.1820040754
3378.96204118116,0.0,124.0,9800.818761886523
3212.296299678823,0.0,124.0,9740.057778894012
3003.314415713581,338.4093620032072,124.0,9683.019748455054
2649.0222824080606,7513.545024458444,124.0,9554.177353194662
3028.648017631858,23412.319986577455,124.0,9752.140929385296
7606.095091524142,28743.805060048275,124.0,11479.51773147775
11127.730028541684,15601.901980191222,42.0,7538.835640111003
14939.47730184197,6238.829138250898,38.0,8310.181011688805
5647.03154511215,4381.9568874677025,26.0,3927.6964015551166
10998.071252451991,5756.389801719288,25.0,5544.806319061826
6001.838170202535,4900.749538838616,19.0,3397.78656319697
6569.88822097858,2319.686058298498,17.0,3405.3777945576353
8373.480642055209,2426.471414413179,20.0,4239.369790617919
9217.585736522926,7837.491133049255,34.0,5616.959522162514
14672.808279415543,8461.01093893821,52.0,9291.67830924941
20180.635100828396,7181.877835155776,69.0,12527.514973589883
18662.52046934578,5839.819461160775,78.0,12944.28886443767
21696.734124590927,9254.322797330591,86.0,14547.139631589724
22770.262913763643,14518.24114771709,86.0,14948.533759309676
39412.2719137748,10103.573488007483,124.0,23101.045542161595
27374.189521090455,6849.191491124406,124.0,19247.940150613118
15696.350218268253,3342.4870188120753,124.0,14743.528210686616
1848.098034086492,331.69366012836497,124.0,9304.98973458166
5678.662803276049,110.99314687674244,124.0,10645.337673213044
2755.4851617804957,273.8789571193357,124.0,9603.38089678335
3149.6614895119606,0.0,124.0,9730.261330845291
3205.937962789566,636.7954111975928,124.0,9754.97340431807
3560.1818763013134,7003.441833048437,124.0,9896.435393365682
4449.89225842265,21907.48984532766,124.0,10219.814271352914
4216.033423723662,35749.39575538213,124.0,10392.512688855544
11542.982896182208,14885.53268612375,37.0,7181.783911839181
7656.161678444151,4789.437153939903,34.0,5473.159110705507
14476.903348414104,4232.293389000993,35.0,8045.498488411781
10673.444240365403,6291.536634679388,34.0,6485.158981087912
15791.905517196032,7500.52010309659,40.0,8285.19860905542
8736.20255413509,4483.016393060858,39.0,5813.201120894958
6690.543765797181,5505.600443955014,39.0,5187.147971000166
11622.66172287209,7518.157672950376,43.0,7587.848898204027
16041.211703020388,8324.762574416525,52.0,9724.425125521422
17614.376065145272,4946.271955306332,69.0,11732.477441232
21372.78410622851,6886.705231251568,77.0,13664.592544415202
18239.342778191924,9820.069353780025,74.0,12554.643301896267
29599.143866957525,12285.478338496387,76.0,16367.878638300166
28819.031892549272,8738.810373693334,124.0,19618.77058058696
23396.26461454083,6214.653441510226,124.0,17926.365580575093
13531.740291971815,3212.771629736572,124.0,13994.484295106187
1885.47561838992,0.0,124.0,9329.285164378889
2729.1941546565545,126.36135565539202,124.0,9603.386791168155
2895.606253592126,0.0,124.0,9635.550063685403
3058.9824836878693,120.25819135556618,124.0,9708.030277847947
3415.3182195849754,266.37624468331535,124.0,9807.055012463046
3120.3226490041247,3309.6967687821634,124.0,9709.706474171364
3671.957574332588,11592.166703211642,124.0,9930.425594389933
6716.997204615926,21559.22826997948,124.0,11171.873915125745
5015.227990079697,13697.30858484221,45.0,5256.247562514066
12390.095233418506,10644.324391954891,54.0,8711.26811758086
15720.701711980351,4250.97945769243,53.0,9677.49089049187
12179.177199463025,5640.1593574526405,45.0,7976.0558272361795
24649.17568110412,7653.65515069949,57.0,12437.06666199016
15584.55846663111,4064.9058168578895,57.0,9309.605999021542
8582.574908333509,7010.550102303548,54.0,6665.89882388007
15072.307032178986,7471.667884563159,55.0,9209.197192214673
18029.10075517429,5718.714832911267,62.0,11144.640139919697
16627.508561932424,4376.940672972053,71.0,11538.539380442364
23517.854385848103,8225.537138369307,85.0,14968.903807489762
18911.431235377993,11517.451669991762,84.0,13622.754662783494
23181.907577783768,12024.321284127482,84.0,15089.158151434665
26628.933203595447,8032.2247560764345,124.0,18955.86063417487
27142.835699784926,4551.667733763532,124.0,18806.133133803556
12224.51902473402,1867.607863593474,124.0,13479.266993351855
1824.671968990349,1405.250623910874,124.0,9289.762792269168
3631.2855124667426,223.93908609238764,124.0,10015.606682779187
3280.8287830199847,0.0,124.0,9803.891620239527
3005.9761396258086,408.9973427270849,124.0,9689.338200648679
3315.503070801722,426.4980901949108,124.0,9790.801324926457
4121.887367978729,2611.8516684756923,124.0,10059.0873179491
3883.1435252716624,12275.562160665044,124.0,9972.400353442901
8080.5256886192465,18566.234993330516,124.0,11538.41135593259
12891.806916944037,17531.097215431062,52.0,8345.751590727969
12948.474433108984,14266.194550647344,69.0,10332.054724856558
17140.345585442574,9169.587600194913,61.0,11100.15746359214
23392.285459772895,9761.241276150695,58.0,12175.525871963417
11480.102771543823,10914.152318122859,65.0,8543.604083522028
12147.796564599557,9265.833745859936,66.0,8760.43974144152
12070.471528152688,10091.583353761707,66.0,8695.466079188807
16226.869337749775,8194.98518609119,66.0,10467.585794729186
17777.151701709856,8508.43536109105,79.0,12532.507863350183
22039.432944428183,6988.403052483498,86.0,14533.494629396942
20723.83588381226,7247.1818928332395,79.0,13933.844359173467
17467.37204207059,11221.759442196664,89.0,13581.321076902685
25553.7683069166,12038.475788589936,92.0,16483.05413159491
28586.130873857062,5916.863781635462,124.0,19668.043271309136
24465.988005513558,3717.4390819009395,124.0,18020.959468821613
17286.18158817109,4061.19069375433,124.0,15325.631986790619
1911.8466420036953,209.93754557818175,124.0,9346.426329727843
3267.4557317558124,0.0,124.0,9859.488001820779
3387.335215106391,0.0,124.0,9864.462497777908
2777.8287683070334,784.1012018039822,124.0,9653.413472365242
3127.3820242323236,255.56986767984927,124.0,9712.036067996669
3385.779773629063,15066.984709776441,124.0,9812.597582995142
6305.003074036754,25374.305693942682,124.0,10852.565727290495
15818.285957711265,25194.20518599997,124.0,14374.853685012875
19504.047910621535,14414.230755026265,39.0,10045.840919839467
10167.521786672609,5987.093897253274,32.0,6205.04037423646
12930.80600897331,6240.58876286149,27.0,6647.9572708654105
14875.261054981765,7149.196054556843,29.0,7041.035262529588
15379.085715658026,4870.631485829377,29.0,7166.2499254138975
14084.25543216345,5500.469472254565,33.0,6986.972979005094
7996.640057609939,4747.404454498737,34.0,5081.670314969425
10857.663656956489,7153.768036968013,32.0,6040.6478549976355
11082.979141600686,6912.876632867381,48.0,7625.135043997171
20559.537037595743,6405.339372713987,68.0,12627.783075392337
33047.43608034522,7298.826682111371,75.0,17367.927685258488
26609.07214272165,13465.879677149778,78.0,15718.449712812868
19328.814499124073,11199.364535226548,79.0,13480.88258117724
26154.936638984826,6381.039158087225,124.0,18852.1515713351
23597.130904365775,6978.651645451163,124.0,17800.845636266447
14786.464344547521,2567.7595776396493,124.0,14355.063210996126
1834.9085379809835,831.1330486950775,124.0,9296.41656211308
3335.787651042853,0.0,124.0,9823.843995479221
3734.524502642039,234.13851951087514,124.0,9930.89422711138
4429.02982116863,762.0738795938591,124.0,10184.591290234855
2760.187310318029,17.216840245574716,124.0,9590.861812404954
2435.4190725695576,2714.752153818061,124.0,9483.688293947956
2952.3428841850723,21246.2011249166,124.0,9696.197554583823
11382.343826923794,21132.526211164397,124.0,12796.214106867757
11614.429678081586,16480.114717480166,44.0,7722.5707347292
9891.01215415202,7913.939375690246,39.0,6695.939303583621
7169.117481069912,6547.454337181648,25.0,4332.219716214452
6244.987486989676,5152.371800023938,27.0,4020.782965223789
10375.037542848115,6634.418413361162,33.0,5793.443082975945
9900.536179738594,4522.232086407393,37.0,5946.091757666212
9993.67010743079,7508.797407279785,35.0,5800.78409400757
17274.062799746738,6896.080822728201,37.0,8590.450040314228
12411.070637964329,10175.802339123566,57.0,8839.079201012484
15265.013482208595,6734.779491605607,71.0,11072.527027446302
21929.770260897258,6494.930627138417,79.0,14011.435096493971
17570.984687669195,7875.0902183943745,76.0,12554.92645686285
20005.347665601294,12306.0512284074,86.0,14010.02128314993
28207.40944475744,9996.755432735386,124.0,19596.78417219087
31571.378516393786,6834.411764555549,124.0,20821.496612645486
17918.601138274753,4692.29183049115,124.0,15496.802491411934
1810.7313058599418,294.9698655224095,124.0,9277.541330933782
5672.510350822123,218.23771281664574,124.0,10645.257679311835
3519.9240011980473,0.0,124.0,9841.574920395356
3204.7005628000884,25.832322916885218,124.0,9743.226658196518
2661.071495354099,119.25786898533504,124.0,9558.153593466852
3043.271899917154,4094.2191747064394,124.0,9698.011306229319
5121.604725573034,15999.445190910743,124.0,10502.818628228606
7922.74456245841,26884.070721680677,124.0,11522.5694571233
19277.768313186545,12996.14026565229,32.0,9296.667481329996
16056.502615177062,4461.346801191445,24.0,7488.136505587017
8661.59290313371,4522.933148627976,25.0,4724.694503464375
4084.1203281324633,3420.4503953635685,24.0,3085.0169388289005
5982.66904767651,6821.441623097035,27.0,3890.290646161441
12368.572482055304,5744.631997863699,28.0,6068.855998274299
7821.618812863183,5763.874878720814,33.0,4928.581770989907
13702.27603434366,7321.016985261067,37.0,7138.357993900486
11754.580735223079,7995.423566267764,61.0,8558.567597977515
20487.72774133102,5058.575405896829,71.0,12845.462599215693
26597.94725182289,7024.875396005188,85.0,16077.613560895908
25341.66033780289,13286.464785261825,88.0,16160.790077483585
18078.33202991756,11725.933663522332,85.0,13306.61196962058
23181.245521520596,9237.535722570494,124.0,17942.698256006428
25577.774344564485,5880.523666500549,124.0,18659.11534434917
20025.688279752376,5336.017772184188,124.0,16107.16927426598
1828.3209905597023,363.46138477027415,124.0,9292.134656289249
3980.370946952306,0.0,124.0,10073.332587339552
2792.8120476630043,120.76066243996225,124.0,9601.62797572879
2603.094185178766,260.20763083770873,124.0,9543.69112558119
2985.146771656201,1050.8892538922528,124.0,9682.92894841759
3707.64064939225,10809.93283499144,124.0,9922.119331492037
5193.648491478793,34583.00006758211,124.0,10549.929463886792
8000.0065943627005,30783.56194840197,124.0,12125.787619232662
11713.927376182733,13123.614239741368,34.0,7195.187141511707
12507.345930852865,5950.105822076897,30.0,7021.090252057254
12535.346886668522,6779.681691576292,33.0,6710.728010426065
11213.338095171417,7015.172594224412,29.0,5843.581337765812
8396.503926544492,8010.80098599481,36.0,5347.878519800209
12755.055106614333,4965.531099317471,32.0,6505.699881900683
7860.658717008235,3009.89461543113,30.0,4725.883225867363
5892.558697710526,7202.7684118927755,39.0,4712.431361069591
11287.063731852479,8147.851085665326,50.0,7476.962533415788
15287.446921483534,6584.781637222444,64.0,10307.199879954815
18073.057809086044,7645.764325735469,72.0,12184.063168953959
21023.027624182152,8762.124521902326,80.0,13828.545745277417
20362.21452366112,8181.3041268102825,74.0,13205.746686777835
22996.46360655498,7975.05380664207,124.0,17542.0027568497
24280.487282746813,4468.060953005154,124.0,18059.97324396139
10405.840909582514,3329.620541965465,124.0,13155.385917130321
1920.068311504372,256.4361592215796,124.0,9351.770414903282
5540.822859737904,0.0,124.0,10626.263437112762
2961.335201161718,0.0,124.0,9657.240616383368
2255.3291263525084,0.0,124.0,9426.258556205117
3223.4290143442126,0.0,124.0,9743.731574733594
3391.2933097909913,11976.465882494922,124.0,9808.046776410945
3868.189718921245,39550.87348987398,124.0,10078.963081054158
11807.184303847103,50182.10568041056,124.0,13113.242525004125
13926.786226038428,12879.861804771672,48.0,8927.120512980058
14181.616068420064,6478.89124730664,32.0,7829.741762216833
13827.251299104275,4222.013674069941,31.0,6999.380435917181
6925.702565872836,5562.709156890089,32.0,4646.741224515896
12544.218728260199,6955.182920293261,37.0,6797.3195771980345
13662.017667095532,6061.057797760268,37.0,7209.870305248713
9409.117879539095,5951.70575268492,34.0,5546.312150458409
10650.357030348085,5403.00605376487,39.0,6280.544986824326
14578.642696049785,5258.16811520569,54.0,8891.428170448738
12149.315511167619,4085.992963172993,73.0,10047.474978204029
16814.611449562457,7910.522072688862,89.0,13031.569615336504
18809.303265766437,11920.774580633639,83.0,13637.291137153796
22952.08984136868,14253.077407471337,92.0,15761.295366837749
34157.79268016442,9976.678887979933,124.0,21951.87222328883
26893.945698800468,5588.839476858826,124.0,19015.43327981926
18146.18637860411,3044.911722699677,124.0,15424.91059725686
3152.971872294599,119.36587098315358,124.0,9771.426293589437
3783.6280568260845,225.82972800433637,124.0,9998.551930451762
3340.51051726935,207.4083662852645,124.0,9803.151453017548
3210.299904897059,0.0,124.0,9748.540332263738
3593.4980260754137,725.449755464991,124.0,9870.653811106202
3450.1020251454524,5830.2230552468445,124.0,9880.696961927242
3033.0379599519492,10767.956031438584,124.0,9746.366962569527
6180.48352724934,13593.312031412619,124.0,10882.813213468207
10415.355159743774,14996.024002126353,41.0,6867.861588134757
14426.48282296571,10248.640899780641,53.0,9361.284711183775
11446.652367237759,6018.889480955028,54.0,8631.662506191613
12056.797129621731,5235.0682744318,58.0,8824.713303781107
10754.647195411968,6559.026557940246,51.0,7426.241794187713
12267.212281906988,4134.1702368420865,54.0,7946.561073217273
14749.665401648923,7169.784504949427,54.0,8740.301497565475
11665.129831309052,7507.481332002457,59.0,8304.070600132893
17270.853478000623,5489.72550469339,74.0,11829.750454881412
24620.31025329153,7029.5044626442095,71.0,14302.07810117447
24674.8074919634,6421.3739940358955,76.0,14759.721170261457
27954.22053809009,12364.494922061142,78.0,16347.781227682006
19705.32507121446,13499.504603215431,76.0,13281.424571232654
22717.42537584584,8401.457631996771,124.0,17412.32738568036
19439.669341090943,4858.6833713560045,124.0,16487.662498894613
17425.514759045564,2665.4074710800005,124.0,15177.213142984874
1800.8562111705019,704.2244375431289,124.0,9274.282549686268
4966.388610180174,0.0,124.0,10419.46515879097
2405.574513962861,0.0,124.0,9473.839589607745
3256.2697016477164,32.21631005555391,124.0,9754.569001543749
2842.1388934810398,0.0,124.0,9617.905834848743
2881.5332617024633,2118.8517651536813,124.0,9630.905976361813
2926.304050678609,9003.722733624154,124.0,9656.511620848027
6530.1073447539575,14597.709691363074,124.0,11048.610939837932
14392.128280289673,19147.667194752274,51.0,8947.615440436219
17135.257337194573,9284.443657351287,54.0,10326.989878981203
14921.234382609453,8739.246096783258,58.0,10105.87913993304
18875.16367451171,10565.394359612712,54.0,11245.256590002802
12364.888731758501,11278.09549048133,65.0,9091.751228051095
15038.18722314447,11065.589056756471,60.0,9386.174334608371
12150.558517494184,9504.01774526338,57.0,8074.8356146264905
15915.103152359812,10483.415269227822,59.0,10022.859963904244
18712.347039195673,6761.348585561913,60.0,11365.402675691976
24302.076497288333,6751.787261635933,77.0,14581.466590762222
16630.93291678721,6387.135906043526,82.0,12649.314972196415
19288.717782300017,10544.617315083246,88.0,13915.513863047052
23176.530063525573,12942.425626917557,83.0,14957.175778787036
20326.192361068664,6834.107492034759,124.0,16805.587566670343
24042.200106915257,7383.9236289359615,124.0,18181.46695365457
28760.841289783635,3023.5187627496816,124.0,19227.863676468947
2394.798174358439,282.51468409771724,124.0,9470.283397538285
4549.265819447173,0.0,124.0,10255.82571213888
3565.572223264809,167.53284358208379,124.0,9904.685972737978
3167.9059014475456,692.4339131360252,124.0,9732.910378698518
2337.4682759628645,783.2933611216645,124.0,9451.364531067746
3263.0288821421955,13974.868661188086,124.0,9813.9880654133
5443.402274548842,35048.150465081635,124.0,10626.880321031731
10445.68209210075,29442.41133515723,124.0,12601.60198401251
16583.533317535464,18313.039670650538,40.0,9276.71684536462
9916.742185474544,5699.151400139306,30.0,5835.762824482263
9112.155215701196,4855.001797694464,23.0,5255.670186221052
7183.40824732424,4788.630348690848,21.0,4260.386001050232
8233.26296995396,4174.995874397333,24.0,4640.758706356836
9037.001615207022,5133.936221101508,32.0,5384.79850953479
10136.67142648266,7308.136856590957,34.0,5972.054044581395
9489.416294912717,8541.256322360785,40.0,6585.315939380814
14443.797321684035,9441.351841487613,56.0,9557.23081298984
20991.42360257889,6759.868721416344,70.0,13049.942529625685
17337.314706732577,7479.5484047461305,84.0,13110.22892981077
18127.25740937924,11939.23303155005,88.0,13832.086608859738
31708.2468418776,10698.683709655827,86.0,18215.668455089333
17731.264391448894,10960.378620776908,124.0,16121.76539904699
23803.50590881447,5143.645394251619,124.0,17994.856771257135
11767.274364980745,2696.539463571335,124.0,13354.1308950999
1800.8562111705019,0.0,124.0,9274.282549686268
2977.4223024044813,0.0,124.0,9713.81235878753
3261.457092411862,108.5401378519833,124.0,9760.143787640956
4008.9884484936956,183.67604535743592,124.0,10002.966188002923
4412.122494266033,470.92011974776784,124.0,10146.299107550285
3114.7564047178953,15386.085691783326,124.0,9767.324620072975
4175.195063756919,23194.10393676075,124.0,10234.637476027965
12328.65906453873,24160.497097989417,124.0,13115.873141658649
12447.199506848547,14708.287707569698,40.0,7737.976438851583
9113.385086976874,5818.349147111053,28.0,5474.280852785968
7682.1175890293725,3350.700492565085,28.0,5207.706883427536
11422.992792090177,4339.160631988074,19.0,5482.977273294391
8560.970684487316,4626.305246078471,31.0,5196.876430167481
11120.057121606664,5430.1049603795,30.0,5965.938189493899
16279.611498735068,3627.2691715690007,30.0,7887.543076409815
10706.957879479087,9605.5125232622,41.0,6886.455084264356
15329.687739947012,7561.720155823106,55.0,9663.782320988958
22059.13449817282,9096.12145855787,67.0,12974.154004555128
17347.99898393085,8590.350360212722,76.0,12335.339435693126
22031.831866198612,9668.144908248882,75.0,13916.31112088806
18100.795680019608,12557.543640863401,77.0,12624.013826717846
16803.922022650662,8539.755316978444,124.0,15748.714559818776
17372.168152940492,6372.094094261527,124.0,15498.163808956588
9481.174453144284,1660.1767590795953,124.0,12287.503278531056
1800.8562111705019,0.0,124.0,9274.282549686268
2428.5857332301352,0.0,124.0,9523.847225025092
2484.3147293014476,0.0,124.0,9499.823860669481
3154.180659667393,0.0,124.0,9720.879617690242
3178.6576105705385,0.0,124.0,9728.95701148828
2985.2805868114433,8276.868067610016,124.0,9665.142593647777
5424.319823231144,28346.84831565606,124.0,10642.202699622881
6131.418965770365,25068.419911575063,124.0,11253.755394125783
17716.414517335554,11323.711414299905,31.0,8769.964896959409
16235.391880825946,6792.6075031795845,24.0,7605.899308784566
11411.211733358172,7686.581994025284,27.0,6164.6454127139905
14634.350975300133,3779.1737148292364,22.0,6539.656044266687
7833.841278733539,5389.008433562143,26.0,4477.15872085202
9042.99402679306,4501.0572461954,27.0,4905.194392463642
8076.942751221329,3353.3874157374103,30.0,4842.3713493137475
16512.07101564424,9610.498143914096,44.0,8569.54532218895
18781.625990278684,9707.940415916219,61.0,11223.382666639927
21376.39673482629,7934.589411652211,73.0,13263.899910318956
24889.0954877788,5778.885329362625,81.0,15267.761854977192
29059.06558720114,10711.41456626989,82.0,16778.246364841718
29436.911182071486,12237.44265823352,80.0,17105.781856736805
33467.22057713358,3953.5951050241783,124.0,21261.837380885507
22024.28792611762,5118.312704101329,124.0,17391.34546997438
15473.865897013564,3026.4215579236547,124.0,14578.643501857054
1809.0457182274417,133.70966829905908,124.0,9279.605729273278
3771.136148487664,91.13669528141618,124.0,10031.061438801693
2860.2519673414677,619.4542585939168,124.0,9634.436244269526
3629.3518754380098,722.301594196881,124.0,9961.264376169675
3942.961347843481,355.6859406384329,124.0,9981.177244788352
3511.867703183608,12133.542130316422,124.0,9871.725098327619
7163.747316906358,26164.262243021156,124.0,11243.365342757852
11899.624083240638,26180.4619907887,124.0,13036.590350968958
14495.300768483066,12095.17196176226,37.0,8192.478887626603
8077.970356817346,5191.062826975682,31.0,5343.456432889723
16050.654205345505,3211.8523441060133,26.0,7693.677632621166
5410.210113808547,4526.092715388661,25.0,4009.216017532991
8169.138077654468,5135.745316821212,32.0,5131.347254063677
8583.138261134269,5110.6251403807355,30.0,5085.883142195283
9414.892713158639,4383.799606019383,28.0,5365.487379456299
10008.955910678127,5304.2673439164955,32.0,5966.8800928946575
13100.717472193337,5570.718740468845,52.0,8754.551163736856
22556.69064977424,5638.486758921048,69.0,13229.78623643394
22670.45402855825,7045.507000235345,88.0,14759.542715544121
20050.888219333217,13539.075977916646,75.0,13235.348582068356
19410.55845741842,9323.30602357375,73.0,13064.712906169298
18901.11612630758,7546.36084180735,124.0,16432.055033032106
20905.131676533452,4927.651938650756,124.0,16837.259472006168
12494.200883864742,3395.491174330562,124.0,13713.50254505035
1968.92529700169,0.0,124.0,9334.361159365322
2656.7388751487433,0.0,124.0,9575.265975095283
3258.255427595805,0.0,124.0,9755.224291106619
3315.0458567252754,110.53801722750069,124.0,9773.96513271934
3409.4616750027603,1821.4308258250358,124.0,9837.816997764954
4620.636107732525,13248.493060814091,124.0,10253.78906182407
5133.863195257109,42248.25647597636,124.0,10427.512536380107
11956.977573499968,49625.829462582755,124.0,13157.912474700945
11306.451170532924,19424.761599373942,42.0,7764.0294961743
5874.115389672142,6137.659173978742,36.0,5159.681978638974
11831.659139939866,6355.280757670601,35.0,6654.6160909299615
9730.111934182154,4285.66376071001,30.0,5466.0135278663465
7965.505346240995,3314.931616339832,29.0,4750.612139658833
7855.745340827863,3176.7688495221237,30.0,4734.81560891938
5744.161619305305,4743.578861633813,26.0,3774.993955333625
10157.521430499613,4691.022124919668,45.0,6586.1112501189755
11856.825958555464,7823.711415684098,56.0,8302.550640415735
16562.90038833864,5285.535143847018,63.0,10779.364607060974
19664.997261349043,7870.630030073102,73.0,12780.126021951104
20064.897818114147,12585.13045284661,68.0,12776.048625801575
16734.373060709455,7670.7242674726995,71.0,11797.232641329774
28588.667252599687,8481.57626441208,124.0,19296.273195575028
19766.400309909346,4192.26232231992,124.0,16458.226947101135
11587.708074730213,4415.687765066202,124.0,13240.479195706044
1825.1658205560952,278.53860197290777,124.0,9290.083795786903
5884.489243309389,0.0,124.0,10678.780922789041
3108.014693380698,0.0,124.0,9713.146280036457
2917.709686932605,0.0,124.0,9661.847822447184
2623.535087419118,543.4188566595316,124.0,9557.765235101593
3753.3547631272168,2051.748034742847,124.0,9918.607071831986
6320.4752130465995,8081.960234329229,124.0,10780.777153368863
8150.861520400876,21586.96002762653,124.0,11689.616293536637
8587.136952546933,17374.641132038956,44.0,6363.186194190282
8779.1164382945,8192.925695380321,54.0,7446.966139800581
14204.646936774565,5531.806185538322,52.0,9118.885227410614
14030.489711733204,4667.59746826676,45.0,8699.672365743638
10583.261734381109,6726.336930778375,52.0,7965.249760100907
12122.307931187697,5553.33337643246,52.0,8260.20504370014
13035.900213033026,6966.818202083808,50.0,8356.324474666917
16672.00857560707,7112.343502829472,56.0,10203.819689654818
17531.735595710186,8530.45336953352,62.0,11185.748200177055
24471.481787407974,6201.241734940062,76.0,14642.375248502489
28136.812009684345,10173.65565968342,81.0,16194.566630778276
17197.436761190074,10898.913832738252,84.0,12807.22849398839
23589.109798139907,14757.487448324386,86.0,15408.051402187419
30750.41681969398,10628.215061096973,124.0,20272.805495138793
18369.389095392777,7103.635937129208,124.0,16115.363807283999
14005.88956771504,5314.042355046793,124.0,14421.90874476543
1960.6130342419053,114.00996937900781,124.0,9358.057645829653
5870.0552467935195,0.0,124.0,10723.932971830955
3320.68007847341,0.0,124.0,9793.986437407506
3514.7489010672684,855.5595263770472,124.0,9863.334919621053
2770.7008562080437,368.10666058957577,124.0,9594.331282548656
3227.0124149804724,8046.366656081876,124.0,9798.444185551065
3636.8403986317157,16095.929976301146,124.0,9980.452360667228
7876.608299180387,17883.979752054438,124.0,11530.377266719694
12567.954570991176,18828.839835770428,57.0,8906.692944249964
11643.246865015553,10905.963056555516,70.0,9708.13854480448
14461.330047249481,10654.446503195168,62.0,10169.386045304145
15266.265069886043,10147.287570843475,68.0,10395.56134875797
17588.319531960933,9983.68331769208,67.0,11013.24578241217
13483.685615355162,9280.318007073427,72.0,9967.288453581144
12258.35250026409,8246.29849832021,62.0,8940.977178372705
13787.655282458169,10357.49534877464,61.0,9679.69588764725
20674.17835573805,7269.911089593049,68.0,12657.852133322358
18563.999649551355,5420.045351404821,75.0,12601.736553250475
18662.35096979161,6520.524039553479,82.0,13383.712446582673
20590.12147957495,14386.416907048102,80.0,13855.126182970713
19967.826785824473,7138.250060734774,74.0,12937.70948448643
22050.270780438994,7802.649841107926,124.0,17268.296541956024
15404.187531634578,4657.338267487909,124.0,15107.90290489857
21291.338051321687,2704.19726251997,124.0,16515.804756570247
1800.8562111705019,473.191852670908,124.0,9274.282549686268
4246.3957714814405,0.0,124.0,10204.490880147336
2875.6638880094924,191.80608242178957,124.0,9639.130473046267
3515.409413794879,0.0,124.0,9840.085106552315
3145.2524372662792,94.89797059794267,124.0,9717.933304297874
5055.118149527244,9610.6661737899,124.0,10377.707041038271
5357.677272062811,22230.214118634292,124.0,10559.695586810456
8561.386253837034,34107.86456333733,124.0,12013.962027545353
19799.14258425843,14261.333500718074,39.0,10208.784560095994
16944.682101469563,4719.490737573182,27.0,8177.618074575674
10890.506248007669,2803.7705080715323,21.0,5526.923007526451
10165.584433316495,5780.234328790631,23.0,5485.316694040678
17312.1800256871,5239.563875413437,26.0,7865.527912312043
8197.662812133154,4550.183179709811,21.0,4532.116445849133
13935.737146814328,4396.92268401881,21.0,6465.606706053065
7814.781419416998,4573.5687929842625,35.0,5532.629142322098
24369.856645261207,8802.807419334351,51.0,12416.32472656326
19242.93016970245,7123.414461492871,61.0,11517.477760915648
18304.224522627264,8244.021001991754,80.0,12843.557242896131
29716.94287687468,14270.626958547535,86.0,17373.844734846014
18473.86057656062,10006.32901751362,84.0,13297.483470651097
43732.960243535505,10274.323751460637,124.0,24729.132626156654
26010.98564088058,7091.532939509054,124.0,18897.182490534284
21754.86525207708,2753.7399661457785,124.0,16825.89003927614
1807.2928889470595,210.0787256794671,124.0,9278.46639024103
3192.15910176425,0.0,124.0,9733.412503582205
2836.2848727312426,221.73036136279504,124.0,9631.452274568048
3257.488207316061,168.5163227247695,124.0,9802.743966743117
2828.285208652959,93.81794655447204,124.0,9613.334118855477
3233.499150910905,6589.226705450814,124.0,9758.037408031167
5698.072818390193,22039.045005058124,124.0,10573.999792571234
8232.584678305611,30793.369194557763,124.0,11627.96781348603
20080.3603838899,17975.832564251872,43.0,10452.980101064642
9454.160409635828,5997.708613832047,27.0,5750.930737958407
16598.916640975334,4262.799439196786,22.0,7629.034636489724
13843.880254531226,5049.123740573973,23.0,6872.362534891863
6971.053336314289,6777.189434413116,28.0,4692.218307270246
8508.276298969013,4555.8354424325125,21.0,4522.615158118016
11032.49693228642,3065.2191520478573,23.0,5391.879973484649
10596.075911919324,7148.521964907398,37.0,6593.4112370943185
21300.693645881634,7852.565054381888,65.0,12342.424516593088
19745.09439108859,7501.2971858001,69.0,12570.754974755306
25888.301065291238,8381.491830076153,73.0,15136.390974428563
28756.95816842325,12062.29059021796,83.0,16825.975395458994
19972.318216304106,8945.329943195853,77.0,13547.214442770426
28429.503012269743,6147.398385279502,124.0,19642.224253948807
17769.357171145057,4130.6628490137555,124.0,15555.984151507084
18224.543471366975,3811.539032030727,124.0,15410.8458036892
3312.948071201568,242.77013411199053,124.0,9778.514148012962
4859.962032679144,0.0,124.0,10368.227872550015
3760.6129623602183,0.0,124.0,9921.002277578875
3785.012116586869,0.0,124.0,9939.21202626713
2994.7588136538056,454.60460580314196,124.0,9668.270408505758
5481.339518546684,7344.316113555804,124.0,10543.165531675497
6001.437835668139,29724.224772716065,124.0,10771.712715916161
4797.32652774858,30030.784513274702,124.0,10589.191758708406
15584.899032984347,16080.681084759412,42.0,8885.847269062639
7251.919924391297,5584.546313687414,32.0,5278.783636576626
12381.598756245461,3887.1924061960235,29.0,6840.850961764963
10981.123952938187,6075.7174629947785,32.0,6658.191922110303
17981.56448118066,8779.495048411809,31.0,8919.826993513718
12805.393897054062,2459.696791033447,23.0,6466.810487699426
15642.678384855395,2755.1149275407192,25.0,7375.174327967117
11830.407826611774,6920.685835622373,44.0,7615.983266961655
12678.381162215324,8650.204262655476,66.0,9768.886166724418
24528.90993329314,6785.119270335512,77.0,14740.515258173968
25483.770094196752,6822.783635167901,86.0,15832.624952152299
28730.41736757451,13511.761143127456,79.0,16575.649660682066
28395.417223226927,11799.82370105659,84.0,16735.434834933072
16924.973264635628,9030.409019540497,124.0,15876.963354718293
21007.36381447688,7017.144048053895,124.0,16846.831226490856
22096.21868391842,2125.3258573152125,124.0,16864.398224763107
1800.8562111705019,736.035727582251,124.0,9274.282549686268
3228.1977653942663,0.0,124.0,9886.854830187242
2797.800373182859,0.0,124.0,9603.274123150346
2653.9881232232406,0.0,124.0,9555.816080663672
2899.16635205826,923.2386549096555,124.0,9636.724896179228
4702.917300385694,9490.943658221264,124.0,10301.261852499527
3161.2367656475444,37354.392571311946,124.0,9845.528705660487
8084.629626404502,28889.652822705848,124.0,11861.59446570429
16987.053602972366,13169.774617601684,39.0,9358.887918586624
12905.783208708315,6130.68310882474,33.0,7319.304435543353
8719.681757576158,4714.397597505525,22.0,5209.626451434779
9741.590897980337,5275.759955231597,27.0,5796.97500953963
12258.854882659185,4672.7903967269995,31.0,6782.331210884024
8316.907913717596,4899.620191470533,27.0,5203.716514002981
5142.947434206408,3701.471502802769,27.0,4091.2925716547006
12154.056521601571,9522.065165662765,41.0,7486.431895993558
18946.56277835901,8620.608597361546,56.0,11128.687560384229
23070.24602000345,6823.189930132156,76.0,14017.240333435853
29287.318451222698,7960.8792028253265,85.0,17212.69449569259
23637.845577672484,13640.983278578145,87.0,15372.155085271312
25378.937127761164,15369.82086509193,83.0,15772.311017102811
22231.28983943144,7537.484254886584,124.0,17725.807819385842
32392.52789777875,6835.658018289508,124.0,20917.290188105966
19854.554009829757,3724.298059119408,124.0,16395.51019500341
1811.437490122023,0.0,124.0,9281.160381004756
4573.181822278984,114.48234054669739,124.0,10282.489197333438
2276.13303206291,172.44068532437086,124.0,9431.123900580764
2959.6544188776284,452.94522572395704,124.0,9694.243326634618
2864.359159224686,226.6045358719925,124.0,9625.238522544147
3466.892053080567,13395.869709891704,124.0,9838.145170912372
7311.954307647509,39875.827158574386,124.0,11296.068256912962
13844.76477267959,43068.161649552225,124.0,13857.211253637422
13632.376733622474,13508.395253001405,37.0,7969.787920036304
16350.518659149495,7727.194860633339,36.0,8878.771689200797
10055.902759318064,4635.686406195412,38.0,6769.921525607341
16122.411121279913,4603.595306164523,30.0,8233.896687829414
7974.388536771488,7451.654482163117,35.0,5789.7106984919865
19576.28781590619,4096.5894650094215,28.0,9072.403073636418
13283.172332322843,3936.900515481706,21.0,6439.785409092953
11258.530771166073,7125.990152618538,29.0,6054.7433286598125
13899.874540927938,5607.710842984915,46.0,8442.04216891071
11245.156676836426,4314.015953484674,67.0,9488.632150175685
17563.4792524069,7806.339205793168,80.0,12759.734726629145
22972.03368631869,11241.156826821341,84.0,14913.385340302902
36906.941622433515,14675.161114987857,85.0,19593.322729912004
30410.42077609718,9303.8124087058,124.0,20286.307886505885
18366.333142164185,5610.598867799839,124.0,16046.17233856211
14688.810904490841,2781.586161314448,124.0,13976.026651033746
1822.3118037590266,1082.058387888968,124.0,9288.228684868809
4881.4708834629355,68.58115269616246,124.0,10338.728832924573
3135.4282790245093,0.0,124.0,9714.691332078091
3073.64258555575,102.01913601445655,124.0,9694.3020532334
3062.225805885108,847.4279966672261,124.0,9690.53451594209
3887.5633993303063,10076.879741427798,124.0,10049.599801000024
5692.788194195932,20824.79666995356,124.0,10658.715140166742
9520.04712437572,26409.95436020419,124.0,12008.404833049506
9399.69569205263,19842.95124876785,55.0,7666.36383784758
21122.29755888409,9725.01260188967,70.0,13005.486438444399
25801.462356690598,5366.3295439906415,70.0,14567.995983928242
21923.59071858872,8027.987991045415,58.0,11819.564684991417
11042.225238026953,7838.531590476757,66.0,8506.951122654476
12332.574501849773,5684.284235681593,62.0,8518.811378895522
20702.901986982914,7024.8951023081945,54.0,10761.363024506127
21044.48769522256,7650.190166487175,62.0,11880.800770442229
23883.704771012246,6901.0974500908205,65.0,13586.481286569366
15468.007030441151,6260.372663942477,74.0,11368.251086737337
25464.293108999096,9507.7572660959,75.0,15028.798955284989
21041.141366041247,11482.744301333032,65.0,12809.478859948678
21513.550918242392,13099.1692916731,61.0,12586.48406913943
24546.493374081172,8423.957978176699,124.0,18091.85454973213
25632.28429336091,5041.836095420767,124.0,18163.32326751807
19556.40298180408,3253.6941623643042,124.0,15935.800992872717
1816.0729790884175,279.67385869038606,124.0,9284.173448832913
2724.9619714487417,0.0,124.0,9645.814851608737
2923.4250978467803,441.3260782967011,124.0,9666.495216356403
3383.557715021277,89.40776162395875,124.0,9859.752969676265
4109.7742931603,58.06212747246027,124.0,10083.830098560598
3348.6742598546,6029.04936907726,124.0,9790.213540797842
4424.836381392787,12400.420927783101,124.0,10231.632492776194
4508.632402419682,19031.843574754894,124.0,10335.01167140719
15374.387761947639,17621.95891047902,45.0,8914.72401212679
15153.139256785224,13570.513602253919,63.0,10238.366862676647
17933.10381675905,10342.872609022013,62.0,10929.62558398901
16853.14430511162,13627.065793566033,67.0,10556.165693403766
13763.735308055064,9987.792676722009,70.0,9658.44883610368
11910.254672622299,10436.849155523627,65.0,8632.314444186668
13529.768638868387,8352.209909130508,60.0,8836.567682625702
15845.24662590325,12020.782822002224,54.0,9123.471205436826
11572.357215384327,9693.405728247513,63.0,8661.928248095663
26740.209485602307,6147.635782350847,66.0,14778.63988645997
15315.125455459573,6208.819874117525,76.0,11737.177739040146
19707.812460783305,12264.228168742979,81.0,13610.845708945613
23122.496843499746,11526.071140394855,86.0,15302.400122079045
21089.429962717913,6804.716612276062,124.0,17137.89205433169
17600.91001375776,5470.4941574915,124.0,16044.287384450703
19183.829530493153,2825.993389639134,124.0,16024.077867347063
1884.708538114394,325.1603483825922,124.0,9328.786562199797
5650.199842970654,113.26522344152133,124.0,10620.439304175956
3138.4541684090054,204.62314350530505,124.0,9715.689875574972
4500.157791650373,408.7155153383811,124.0,10193.616651009646
3080.805521708187,0.0,124.0,9696.665822163703
3169.5464827671585,9238.697444528465,124.0,9725.950339313165
6205.878356545277,22022.700342593715,124.0,10859.930965981495
8186.202143433375,30357.15562395913,124.0,11817.689060841261
17780.487104641186,15138.554061759758,44.0,9973.090428328109
10173.64995609485,8188.543353214862,35.0,6668.496788019974
9818.215929921642,7015.119219622015,32.0,5830.431820387324
15549.017755574863,5989.928217319772,35.0,7800.763152150638
9898.162143680669,7711.521743233005,31.0,5530.610656011171
8932.350544330848,4899.579425524423,33.0,5328.301712736253
7116.1360114743275,5155.503077012425,35.0,4841.881071367786
12610.212304448538,9060.469045080989,42.0,7143.271997187036
17089.133613656235,5573.797753144677,62.0,10386.194985781687
15415.653855859891,9020.108030312136,78.0,11713.489344835667
20434.68560491681,6178.715114663913,85.0,14030.012965015596
22350.745605945813,11338.129547711833,81.0,14427.787694207887
25997.58029164834,11188.781668196245,83.0,15983.05721354452
21967.133695365494,8018.102036462353,124.0,17649.77395434568
25478.864113111285,3171.7055918660017,124.0,18674.934730416797
13571.12544225706,1602.808247906218,124.0,13932.944473505002
1833.2779201316775,0.0,124.0,9295.356660511032
2779.810336991872,0.0,124.0,9601.178270071812
2663.6484550633254,66.15260771289468,124.0,9559.003990170899
2812.8372734949644,756.0392502523957,124.0,9627.794109946195
3046.6325402978564,535.8798134287198,124.0,9695.545172746151
2738.01360502156,5727.661604764313,124.0,9593.324061903397
5154.568980906138,26544.720397966612,124.0,10480.733443923013
9820.503556140293,26842.302251601588,124.0,12379.59616805144
9855.900713914198,18999.978197908404,44.0,7131.985184441863
8256.946234219045,8157.070638938122,37.0,5953.070405525002
13916.890197171975,5005.887057068571,28.0,7392.284541949704
9401.584720517729,4175.436349886159,23.0,5050.191927759989
6265.707902385904,4793.0004669561995,26.0,4024.435042040498
15210.66157266862,4648.51575375311,27.0,7012.8907351075395
5932.9298474915595,5082.232093711321,29.0,4014.039319305329
16026.88312793413,7352.095999244725,33.0,7657.213341504661
12341.516541636294,7316.636241705838,53.0,8327.066369587588
15514.442675441102,4881.61857022345,65.0,10429.894206982732
13885.416908506406,8092.645477504902,77.0,11316.328249055567
25103.143107614746,11103.634640835351,82.0,15153.515564372892
19720.735500182258,12783.908207558221,85.0,13889.540895132686
27957.338060378035,8477.907283431417,124.0,19378.491489026925
25664.833991608353,7182.593549197788,124.0,18432.878553823914
18224.121244385995,2273.0605174992234,124.0,15353.843424734023
1806.4092559911633,900.9640230089426,124.0,9276.115054477086
4114.64124593982,0.0,124.0,10068.076936875019
2688.1342025081726,43.559889079382025,124.0,9567.0842868277
2655.8165839463063,490.55503684182963,124.0,9591.827783486417
2747.570836608041,799.2566834236185,124.0,9592.698209607015
3414.083662811417,8837.281999503575,124.0,9829.602625088002
4977.884372050482,23275.244442554314,124.0,10381.57095147361
8413.795983946498,30477.09151408499,124.0,11968.485727605612
18224.46143478828,15102.432116477441,36.0,9357.192252456198
9172.68155725268,4949.096585487947,25.0,5405.322437749277
10770.661129494301,6582.909756833688,28.0,5906.333948941677
9370.77598521113,6434.70677478984,30.0,5454.074896071999
9872.76769121121,8231.154936738065,28.0,5321.881994470402
12138.449071732106,7050.950261717042,34.0,6439.371656118507
13402.647897349996,6665.819885764891,33.0,6790.0797655450315
14229.148660075658,6115.07545233878,43.0,7740.2662382541575
21459.54420701326,7277.129313697666,50.0,11381.755610694694
15981.172356928197,6013.136526887615,61.0,10576.530081401836
22035.888285487672,9810.1463032037,68.0,13405.983273286643
16160.373173539123,11374.169161679347,69.0,11581.991040561183
20775.691726603643,13991.254608469459,79.0,13994.434280579851
21900.46766562518,6962.384069644162,124.0,17364.093323116333
22733.880006818723,4471.310234935458,124.0,17346.346228735776
13754.302511268714,3079.498083195215,124.0,13956.13262573526
1800.8562111705019,230.6047416071097,124.0,9274.282549686268
3038.4426620068966,0.0,124.0,9727.859247849903
4952.164703699176,418.63100109572207,124.0,10314.214352220732
4536.02466280915,506.541674058636,124.0,10255.588930515112
3240.9704382406912,481.21107701808205,124.0,9759.596044482842
3304.82859544958,7122.403218477219,124.0,9776.747851638047
5033.611603529352,27514.35950934526,124.0,10435.89156019103
8247.98286592338,26468.194919248297,124.0,11906.56385391583
13697.19014661589,13963.898324799413,40.0,8073.978710764787
8217.619542622027,5059.237154120208,33.0,5759.63218108053
9401.792404719912,4152.9894755627965,27.0,5201.495669423529
7622.46894753327,6791.567644331852,27.0,4448.13602124282
6535.061577656434,7025.0938452652335,32.0,4427.823050672828
13828.994867527785,4505.616423765694,33.0,6913.445643426664
10652.09302421903,6163.329530662421,33.0,5857.795794479149
13003.727373885522,7089.397755969564,39.0,7505.335478314122
10274.93244041228,7487.4801258886855,51.0,7730.262356313282
16898.97814135835,6370.7506918725885,74.0,11725.67882865091
16114.285781156626,6781.099778225769,81.0,12342.589651189492
26483.359356258974,12141.403396645683,83.0,16167.954200116434
28214.903913879527,11241.86989870531,83.0,16891.052410755947
32055.66172793284,10397.454094007986,124.0,20777.736683421936
14718.866873837942,7351.9131801942995,124.0,15170.842717164147
17170.347092279004,2385.0760059474655,124.0,15074.848049225262
1846.784602692176,0.0,124.0,9304.136004175354
3325.331257818843,0.0,124.0,9799.44795836281
3123.7215618818086,0.0,124.0,9710.828115420996
2567.24909458628,0.0,124.0,9539.096531436442
3248.167881349917,664.1965573331961,124.0,9751.895400845475
3124.599273244234,5332.920372290662,124.0,9772.757041604702
5149.301686306268,39297.940516605726,124.0,10475.392585171514
13346.156724086472,56380.64435339894,124.0,13714.567305060347
12646.922449777368,20732.777147371446,49.0,8607.366110107117
10126.657991789392,7604.344064631561,33.0,6464.347856988202
14151.023862216909,4734.448523603379,28.0,7221.84380771455
14082.23621745836,2796.448585884521,24.0,6520.434400965687
6920.182701431725,4209.914981983229,27.0,4315.706568085855
9928.698176284672,5263.2384808293245,29.0,5351.123949447881
8765.237766629913,7847.479336186871,34.0,5343.919242609821
7601.909596641094,6875.858060914031,37.0,5142.721051718839
15939.449024268119,7582.965764285003,55.0,9558.21115515964
17955.123116684314,6617.053789555157,71.0,11885.578305752779
20498.7793998266,6803.007576345652,84.0,13846.828570867792
29708.4968214837,13130.954296951992,81.0,17075.43037607011
27398.878022856527,12637.632674347737,82.0,16407.97268696662
25008.832885866155,10907.110657801106,124.0,18617.982735160338
15016.627020609634,5810.85278367897,124.0,15343.758424144655
18404.857323480108,2984.532096356899,124.0,15817.735118276154
1891.5365873751236,0.0,124.0,9333.224794219272
2746.1190861215523,0.0,124.0,9628.290970673514
2599.7534324393364,0.0,124.0,9537.918632704983
3111.8579477792086,359.3349905786415,124.0,9718.911779020425
3530.9184836432846,975.8686467149605,124.0,9874.23881294217
4424.93880833511,10519.142498317982,124.0,10251.78939996366
5666.523269083331,12964.698054441438,124.0,10660.819133780886
5302.035140152278,28737.785952127353,124.0,10601.750567749394
9246.32568762831,22674.7870555232,53.0,7464.390447384084
16018.556805960581,9397.105676438285,64.0,10737.602846832106
16012.370328528119,7519.693444609021,59.0,10386.948588142792
11494.747353965558,7731.397694002092,50.0,7664.129500456794
14275.843353412525,7213.645448320609,45.0,8064.897162995876
17769.321395870844,5358.735512857884,48.0,9323.620741232347
14329.145117559956,7939.405364944537,48.0,8164.60917424717
12314.608383324452,6853.062515909349,55.0,7985.7030431367175
20045.958406447633,8160.259036934872,61.0,11652.435674487593
10187.916637990766,6300.992676282302,73.0,9573.787026374417
17027.56721975896,7638.596203301598,80.0,12226.286361341417
25415.78475451604,11470.684203525261,83.0,15594.070877958748
19349.229848615985,13937.195497950788,84.0,13641.047714655231
23864.457822994747,10264.151814156772,124.0,17962.501976742213
27852.005844755204,7974.994220384582,124.0,19110.11727415811
21212.625121210927,3700.4670137844973,124.0,16618.819598180584
1840.2923481178805,743.4739749332268,124.0,9299.916038702064
3287.8638957342023,0.0,124.0,9843.082588213416
3105.3314439282776,107.79892938037713,124.0,9704.759376496333
3462.801149053818,50.4725815060238,124.0,9831.340560383318
2919.9168767630727,674.1187405188879,124.0,9679.689230816879
3545.8122420299496,3583.8923053031167,124.0,9872.700688094534
3303.8516743977757,12439.460633592307,124.0,9804.780540131447
10539.6761015682,17546.45650926419,124.0,12341.07393590272
6271.97051017692,17102.590174397832,46.0,5716.0241317358505
18565.63515918858,11663.13986218323,67.0,11697.681516499873
21355.900747431668,9840.097888233759,70.0,13242.63815831401
13017.552006730946,12078.310686139139,63.0,9426.265045241029
18097.358157364444,11707.587799111132,55.0,10105.43801988648
11903.525654536925,9699.330984191722,57.0,8069.170866380703
11754.491941673934,8525.217227101077,57.0,7976.209426802872
12182.158192608558,10608.287968894714,66.0,8700.872618827996
17707.437084899248,10325.098559276757,73.0,11641.584734513326
21518.4900331677,4573.381576153512,72.0,13223.772591421055
25744.31437186567,8063.923287230358,74.0,14968.675666307172
17424.037505416203,13980.519481049852,79.0,12504.861532318191
22795.572470472132,11815.971852347257,82.0,14669.806468790306
14113.810745236406,6742.630217806002,124.0,14528.061799351653
19563.658007092414,6057.784270935257,124.0,16213.366869288824
20208.178799891914,3800.7215672653174,124.0,16198.82955968754
1816.4841928805554,290.8975134365261,124.0,9284.440737797802
3423.9318195958103,0.0,124.0,9850.57062872843
2589.535330473178,258.1288941437999,124.0,9534.54665905615
6836.457385128953,36.18830242132147,124.0,10946.329621535047
4008.747344289163,956.8773056107262,124.0,10013.060733513856
3951.83950308778,11183.260106963913,124.0,10025.401145485623
6608.630118212691,29493.11765382837,124.0,10959.03097303991
8486.429202733863,28043.1685213957,124.0,11925.23088012178
14520.946177369391,15858.70371687499,43.0,8753.447743143131
11382.286545598181,5386.915933242317,30.0,6662.290829471979
7855.977789670898,3208.7911463506516,22.0,4368.670269206222
7373.078837974463,4105.151269689699,25.0,4277.747734656284
11417.998755754692,7363.966403201719,28.0,5775.739305862167
18495.29556009843,7283.3283222012205,33.0,8473.088719206486
10180.878814248728,5691.932958823442,27.0,5309.921964191022
10757.275467886997,9869.750546971833,38.0,6267.560221932214
11645.92322060915,7131.378031182165,60.0,8433.381663121023
21133.437378141043,6397.6699768499775,80.0,13710.321414595974
27313.16436240822,8162.759417960544,76.0,15692.885316530757
15838.023596524432,12705.494947804635,78.0,11858.157738099144
26560.557661545492,16525.2998585778,88.0,16460.53043391965
23344.863997361386,9366.600878548621,124.0,17972.44067067152
26513.135536757785,6044.439228287093,124.0,18984.267945652715
16004.193810192253,2609.273148764422,124.0,14966.175265951819
1800.8562111705019,181.29913796981174,124.0,9274.282549686268
2540.183483696738,0.0,124.0,9552.162328456114
3062.089297521169,0.0,124.0,9690.489468181988
3240.584436879664,257.27546294604736,124.0,9749.392864170293
3551.914260396363,545.2867894557616,124.0,9867.102459872322
3606.202882511208,8840.520268345002,124.0,9892.604294934708
5539.444973320246,27350.571362960964,124.0,10584.172801188033
13681.882715797106,30654.970118184385,124.0,13645.570135895472
15635.550210497393,17130.299313287807,41.0,8867.443610808756
14700.775022814643,4574.23807550768,25.0,7198.547213158581
11097.601236692684,2089.86084139732,22.0,5448.268789900046
10720.379963364698,5414.895984561369,21.0,5133.7283538826305
9178.95911356089,5276.623591042309,31.0,5227.189615789632
13576.734262966116,5593.4806481037285,31.0,6697.841187575761
7655.379763922044,6232.3826842203725,40.0,5356.976195540495
10128.860511048942,9069.014339448637,48.0,6760.037837310942
17680.82073792929,8713.83523196367,62.0,10741.743619048137
13870.581448180019,6751.145276420562,76.0,10959.820002312568
25510.437628176933,7861.927412022899,79.0,15398.014412431814
19867.109361495695,11532.637114949648,82.0,13800.116025012634
24708.913946310837,11232.141153746219,86.0,15921.419287038472
20569.815106933584,9826.459892140945,124.0,17052.84328088926
24123.086282822806,6601.845526504393,124.0,17921.785272512094
18787.048052773273,1837.234534244612,124.0,15661.093505271157
1943.2037374505207,263.32838853746654,124.0,9366.80844176828
3356.779329444434,0.0,124.0,9828.452081290172
3078.9486797845298,0.0,124.0,9697.608879329578
2938.0056619083985,215.65565854956708,124.0,9668.926316400013
3500.109958503591,123.71412041882672,124.0,9835.036286306187
3924.323796447776,10596.251750033472,124.0,10003.712211292546
4327.545888976857,30053.149691965424,124.0,10214.769283846319
7566.249368591864,30505.004353838292,124.0,11614.211942536193
14117.44185044474,14441.747148312254,39.0,8274.334065951312
14314.161403726192,8151.599155501402,36.0,8109.005693350484
15973.321843772614,6332.623447982593,32.0,8480.572683688235
15354.360253326999,5916.45910699616,28.0,7702.884730199721
10757.485210773628,6881.628040078407,31.0,6183.6366256884685
13810.218973656922,6206.503460207084,31.0,7040.463548725843
11694.155825002212,5484.016557885334,29.0,6172.110467237567
12821.18487063024,5535.01383484577,36.0,7177.006428510092
15134.293909506698,7050.074216349796,59.0,9936.818911255872
24740.21807175102,7133.440726196891,69.0,14238.601534659338
19518.883356523627,10282.520379887148,91.0,14353.2480287266
15811.637631636935,12722.556397679198,95.0,13392.654441901861
17829.49405278268,13213.501642651856,83.0,13286.157305514867
22001.291364171426,9191.377063229307,124.0,17601.941474030536
30225.681880575168,3863.087012307345,124.0,20175.776345508653
15816.192861486667,2267.683715219796,124.0,14617.309152034519
1838.649549590543,899.6614683035762,124.0,9298.848219659292
3063.66814869826,0.0,124.0,9726.79423408602
2806.53423611441,0.0,124.0,9618.660293120052
2954.9062417209207,0.0,124.0,9655.119059767905
3121.1365397951863,555.5613680793593,124.0,9709.975058132413
4518.3066497869095,12634.802975539737,124.0,10254.849075875987
6046.45836899838,39688.64110334268,124.0,10858.413942289537
12271.454218769957,28880.44974030827,124.0,13279.803448871466
14623.771073852839,13434.565378598498,35.0,8202.442029205731
14861.16242246494,8835.745941720408,27.0,7326.316611811439
15846.085738982403,4528.187260028969,24.0,7419.5587416772705
10566.132765058692,5428.481272724394,26.0,5528.431045893102
14581.98229259767,6035.486753837143,30.0,7002.590089207818
10390.548843814886,5593.921444097161,25.0,5193.222001530093
5889.5470267601495,3777.5558833342043,25.0,3752.561499121207
11105.24737438833,7861.51013495413,33.0,6007.827401252323
10982.193040452934,7848.932279571145,56.0,8103.169952558637
21865.49910406328,6806.050170307358,68.0,13022.031882800882
24717.58922172062,9666.381459885217,78.0,14936.112859406152
25420.91472209598,12516.147402821482,84.0,15761.498602492546
14489.717785156927,12631.900398234402,85.0,12141.637968702045
25911.892239969093,8168.242822961011,124.0,18730.87049379205
24184.35491896756,5415.303347847486,124.0,17943.86180762374
13712.907343643066,4060.068912888442,124.0,14129.899912951385
1823.210675723881,180.77451759626467,124.0,9288.812951645965
2571.6387589478322,290.9638829688231,124.0,9555.207926270856
3233.955672025136,0.0,124.0,9759.651891773721
4265.526035711045,0.0,124.0,10087.623591784648
3395.1232630942063,474.88999235779045,124.0,9800.39067682109
2834.4992131618765,7558.3516678415235,124.0,9634.494757292961
4240.2932688772335,24819.296565008168,124.0,10146.588793268866
9720.144650871376,44314.58788003362,124.0,12258.175743003456
9215.652332899648,15456.734547289214,36.0,6374.302943579235
8940.323124566343,5060.856762934973,33.0,5766.840378653449
17326.858535236286,4268.793357616912,29.0,8146.618936613656
7813.424840163637,3751.525479962801,29.0,4785.952537997235
10810.115818966837,3241.8437919763223,23.0,5251.653088676458
11556.467766306667,4202.823117288947,29.0,5860.193618106327
8121.335505942794,6158.114346655459,34.0,5099.659688564419
6628.43789711635,4459.63907375969,42.0,5174.609517612154
16003.916432363176,6922.529424777504,55.0,9514.841286881156
22920.858559316413,6572.815585686514,73.0,13576.736016087034
23792.484482257983,8735.900980166718,86.0,15320.421027636688
16167.017426474245,15804.443066961563,84.0,13009.59383792321
24912.67433809062,16332.534149151794,83.0,15842.967443603424
21063.092434341466,9343.348443072538,124.0,17394.59641591434
24568.044798250547,7694.119973470766,124.0,18594.553830927824
22904.726664147805,3567.5133327014746,124.0,17296.522258256864
1812.2746348400037,316.82563645715516,124.0,9281.704525071444
10143.965657918436,0.0,124.0,12087.347605980554
4839.61278537265,0.0,124.0,10277.072219172976
3435.0131036998228,0.0,124.0,9813.554324220944
2600.539090293806,354.59202011798817,124.0,9548.610977873142
4702.375911094894,3634.9517173208296,124.0,10231.784050661317
3353.7004831959343,13456.666033353906,124.0,9856.854408763378
6249.989164174251,27290.952477808794,124.0,10838.13380008414
11792.904473181594,15224.569071633121,57.0,8505.140222278786
15035.629348995544,10644.27274872114,71.0,11080.431647474761
16865.906161384813,5055.756855952864,61.0,10957.81830962563
16788.265242272453,7348.792555309458,61.0,10945.913807111312
18308.06420543145,6250.50682978717,54.0,10332.17427468406
16528.178801199487,6000.504176795979,50.0,9200.802488327781
10863.969120051404,4363.785512331997,50.0,7215.262127720427
12612.697761846024,7990.577518568561,52.0,7880.196895595095
13148.554643846284,8695.533370524394,65.0,9763.053948881105
24107.815433514348,7067.0502573547255,77.0,14571.781018160114
25040.4182841169,8359.251435739674,76.0,14938.59747383143
23749.109581003853,12377.41381578346,78.0,14591.022832030078
21103.042050458655,13575.967399822424,94.0,14952.695355804903
22057.173441910098,9365.022570323074,124.0,17589.589842822334
22612.341794365126,4894.315112787858,124.0,17619.259664796566
18657.2956867864,3041.131357049818,124.0,15787.301058486739
1894.5052011385749,211.87505900785328,124.0,9332.865054425436
2391.3950061261944,18.931037887185813,124.0,9469.160352021647
2982.0379539892624,293.1786062332491,124.0,9703.560282267761
4278.714751639901,0.0,124.0,10134.857574631034
3523.517603348334,400.21066059172153,124.0,9860.978441085315
5826.574151050144,3012.1828096819418,124.0,10626.31594857092
2721.0333433816572,8417.812818316123,124.0,9590.44338868399
4012.4980622423077,16206.477471015354,124.0,10114.180578135642
16775.607556922063,15056.502485965319,52.0,9729.388361906462
15806.482757592506,11525.445582176619,68.0,10960.112052877923
17490.511399035728,8098.738259514918,61.0,11239.87459797308
14678.12511938362,13404.721561617653,63.0,10397.169725433962
15410.347294195923,16854.27823144061,69.0,10322.01585341102
12628.665272977712,9096.751502957442,68.0,9167.8191824198
16526.443931530914,6934.781015648569,58.0,9629.542564516434
11853.89065572512,11344.255065774174,72.0,9034.366954300524
14476.518908421134,6692.713368635502,78.0,11026.555498435137
17691.846187306823,7686.800753356517,75.0,12465.924313057358
24001.51735620061,8753.825999290619,87.0,15503.680247817918
21872.413820663227,9192.824518680201,84.0,14559.3333114196
22760.23900535342,8575.268784041082,83.0,14796.734593908921
29626.9591813373,8778.243617409094,124.0,20016.594349398587
21767.110540903523,5432.396508381391,124.0,17251.22135729677
22646.105912659797,3274.658709860345,124.0,16984.858792692517
1827.2389487876012,1317.167277896901,124.0,9291.431329137382
3017.211332540954,0.0,124.0,9724.92751662377
3838.793268329867,201.66576215550305,124.0,9946.801778548861
2992.3777690132924,160.80799987812838,124.0,9673.509629056238
2636.9468850712187,1291.1988497427355,124.0,9550.192472073502
3615.3409240411015,11927.181797280784,124.0,9958.099187136282
5700.012154620476,32126.034908238427,124.0,10643.164384888205
10535.089223534556,25652.237765147405,124.0,12605.935554066866
15751.334321374392,17317.74371463669,42.0,9078.32329289489
9164.484663148609,5823.1200352616615,35.0,6036.390198530336
7786.318450681776,3713.2970610590028,19.0,4408.045357273649
8551.379450729892,4152.524936823174,19.0,4625.6460207695745
7315.370607434503,3923.855840357269,26.0,4432.793559294405
4520.032196117928,5169.444536506757,26.0,3377.622759457935
9510.13107831581,4322.115181780234,28.0,5136.762874174613
8075.871961194188,7577.347140959899,40.0,5512.12927547067
19780.717640532053,6735.55449263441,59.0,11262.164155038452
19857.114497548268,6241.208459225545,71.0,12791.94184996524
22609.229154553388,7612.229007888336,92.0,15241.046166199721
24327.002850107758,11504.233591572938,88.0,15909.698277929505
24530.47562735333,12756.932167149582,88.0,15971.953132242714
18967.23959170411,7624.354801048836,124.0,16643.713142309483
22174.554339932667,4846.898577448975,124.0,17667.768835186176
17637.077144615265,6297.466493666793,124.0,15563.96680167254
