445584.72
486590.27
543883.14
597157.20
645720.72
668077.69
706548.17
735035.23
781019.14
813938.37
835041.64
822278.66
830005.87
837107.79
843994.35
866148.50
882975.92
892441.57
904051.08
935669.32
953473.29
964873.29
976814.97
1025157.06
1032822.52
1042555.25
1078400.63
1091387.07
1104456.14
1115930.72
1124303.42
1127193.34
1146858.71
1158748.56
1160323.86
1150686.24
1141817.29
1139795.63
1129173.46
1088297.65
1132465.93
1170102.09
1179194.03
1211217.42
1229497.07
1234504.56
1273877.15
1273919.32
1303950.15
1336921.98
1305203.87
1357924.78
1370811.66
1335095.96
1337358.88
1358075.23
1399146.50
1389479.66
1387268.72
1351024.10
1338014.87
1350587.71
1346323.02
1329062.98
1331820.70
1352315.62
1375054.27
1382691.19
1414352.03
1439966.97
1455054.96
1473344.84
1481206.40
1464450.05
1469352.80
1473472.50
1454316.63
1477254.53
1456100.50
1448601.96
1464629.06
1440289.96
1428816.09
1408512.06
1390551.16
1377947.38
1366429.55
1297343.63
1300369.14
1340467.03
1367168.76
1371877.40
1431548.01
1413990.46
1448921.82
1493153.74
1547550.96
1562631.80
1605283.70
1647135.61
1667768.53
1684953.40
1726716.74
1738183.11
1767574.69
1762399.33
1653617.34
1653657.94
1547239.51
1475016.72
1407219.06
1405641.47
1426715.33
1465268.83
1475246.40
1509302.45
1524690.53
1547460.40
1564403.55
1611764.32
1620679.58
1629489.88
1620834.01
1628034.47
1588708.79
1565813.73
1562580.07
1555837.39
1537496.38
1524203.26
1488422.44
1455902.06
1424206.41
1404885.26
1352639.58
1326109.18
1311156.80
1300175.37
1285989.83
1280389.38
1272893.25
1254728.54
1248195.42
1249178.71
1236224.07
1226805.80
1196981.57
1163073.25
1127890.02
1136947.46
1125105.80
1111979.72
1136402.17
1148020.99
1155804.00
1112582.74
1098504.75
1065804.50
1070888.47
1073547.92
1077812.48
1075929.68
1078402.07
1075117.64
1074469.80
1073099.44
1070776.31
1082115.99
1077506.87
1074321.23
1074280.46
1072985.83
1072784.84
1071998.18
1068867.44
1060191.97
1071892.17
1072012.55
941257.96
862761.32
822088.54
775727.93
801262.39
787327.56
795097.76
796193.05
794054.66
796881.38
796405.41
813148.68
821091.44
832443.07
856304.12
860886.21
866267.86
871431.63
875716.64
855972.82
853335.88
872488.63
864223.99
841567.01
830566.33
785953.00
764843.68
794330.77
806579.14
816259.97
845886.76
872387.10
880962.59
890068.97
920414.15
929620.16
938504.54
983324.85
1013490.18
1024409.89
1061832.08
1076034.46
1089959.55
1079148.75
1087096.89
1085195.58
1129081.71
1162903.29
1117804.80
1034768.11
981855.13
929045.68
839462.55
809238.19
868811.91
929279.34
942018.81
1004626.92
1048010.81
1084414.70
1133608.92
1170254.82
1211441.61
1234211.36
1255955.32
1275650.59
1294370.56
1287644.58
1298970.51
1281960.45
1300233.79
1285546.96
1278267.57
1252390.92
1207836.66
1202552.46
1173779.16
1175549.52
1147679.84
1142330.80
1136974.43
1154653.82
1177731.24
1173770.16
1177174.19
1164552.42
1183860.15
1159236.05
1153450.61
1142984.23
1132743.23
1123428.54
1117800.70
1107636.27
1114769.58
1109722.72
1122511.65
1077614.25
1058768.82
1019930.26
1008595.72
1000436.87
1019978.03
1016460.67
1037599.90
1041831.39
1045604.32
1041368.07
1044444.46
1055074.58
1077633.39
1079188.78
1083522.04
1086793.40
1090193.61
1069900.11
1069121.58
1064798.21
1070506.13
1065113.04
1026069.89
999312.65
984402.23
970508.48
926944.01
925626.88
947915.13
947750.58
948130.49
950162.56
950840.76
940071.69
945975.34
952103.35
900642.07
867975.41
858829.74
848066.76
840346.68
832249.60
823259.98
815387.33
815258.41
804408.88
784475.17
759099.90
713803.51
694442.61
669522.59
670524.68
644989.95
658499.78
631897.47
649337.53
647119.77
638701.56
641286.42
644055.97
662516.35
659993.41
662059.66
685179.49
688788.57
691812.50
693264.34
710758.47
725804.25
730361.86
627861.54
582166.83
599237.46
596722.45
595082.50
596165.12
627530.53
634395.48
662780.02
675317.59
662570.07
686239.90
675056.39
712150.29
737672.74
745228.59
754282.23
761953.37
769985.41
753167.26
754955.34
774917.43
792417.10
799212.26
791103.84
768400.30
668316.27
668116.80
594162.27
633308.08
611712.02
638211.38
656213.76
689307.83
696671.60
699157.86
709706.59
748403.40
801895.86
814464.41
852357.50
867661.69
905773.64
945689.16
960082.88
973700.38
1001440.14
1014686.78
1020381.69
995977.71
927690.43
861201.37
775803.63
706839.98
718840.78
768117.07
791913.24
823453.11
857832.50
885294.83
924076.64
946993.64
982031.34
972194.85
984663.04
972211.49
955711.13
934820.85
956080.85
929084.32
940843.85
939785.81
903904.61
873226.98
857091.92
864885.70
859257.63
855282.01
857948.97
856098.32
877463.72
906895.85
914370.49
913836.47
923443.16
939928.28
964688.43
970143.63
977665.44
1007000.45
1016071.15
1023965.23
1030482.40
1033378.76
1050016.70
1058295.33
1046408.66
1029048.15
994118.29
984689.65
998406.90
979720.78
977926.27
1003833.35
1005392.14
1035356.87
1067485.38
1070047.10
1059959.93
1075131.10
1099666.75
1104541.99
1112447.52
1118038.08
1124025.26
1129565.61
1133630.20
1137056.46
1149388.68
1167280.11
1155008.34
1134835.30
1125637.31
1118224.80
1115659.27
1117903.15
1124861.02
1134434.24
1166218.36
1174440.56
1156572.21
1157843.89
1184677.83
1196795.52
1223533.08
1227131.05
1237469.55
1266933.08
1276294.71
1285710.64
1292594.33
1273959.99
1285242.36
1301815.07
1265240.58
1242908.90
1253013.10
1246061.87
1221337.28
1218201.13
1226460.83
1233292.08
1232113.42
1235706.65
1239664.56
1261477.65
1268926.59
1256033.47
1278783.10
1304722.17
1311480.24
1317805.84
1323367.60
1352078.48
1358277.62
1381207.54
1403773.36
1413591.87
1407536.84
1281712.08
1216543.71
1211201.32
1148273.40
1103844.94
1122465.87
1167434.38
1189766.53
1181308.30
1185536.27
1188099.12
1196005.56
1209051.15
1235194.49
1239185.68
1247138.53
1230293.39
1255703.32
1260762.64
1262556.01
1260962.02
1277360.55
1279883.48
1271311.63
1254406.31
1234525.99
1201872.22
1191955.83
1185059.18
1186508.68
1185953.40
1189607.79
1190793.00
1192549.56
1182550.88
1190677.63
1225596.53
1247201.52
1250485.93
1257696.32
1263048.84
1267760.47
1271877.09
1273371.65
1271576.64
1286003.19
1287139.54
1274246.15
1261435.77
1240898.26
1205802.10
1194035.45
1188837.19
1190951.29
1190261.85
1191443.81
1194663.75
1193236.01
1186024.13
1170054.00
1174079.13
1192914.24
1190766.31
1168864.51
1165845.47
1163195.13
1160177.94
1178616.19
1175350.08
1185819.04
1190720.14
1173275.55
1154699.77
1111585.16
1093475.12
1082663.51
1073345.81
1070891.55
1098380.76
1097133.84
1101983.43
1130502.81
1125327.87
1134678.66
1149674.21
1173663.20
1178169.36
1184549.90
1190505.90
1195983.74
1200707.98
1203755.59
1202215.36
1236844.29
1222184.75
1206042.83
1193337.85
1170719.53
1133530.25
1123471.64
1143219.08
1144496.98
1148429.02
1174628.41
1183001.53
1189200.11
1190868.06
1200999.20
1237822.71
1264181.02
1271251.45
1282026.44
1313173.68
1300974.92
1307664.35
1314351.39
1317598.07
1332713.44
1324384.37
1308848.21
1294283.20
1277388.93
1242387.75
1231774.90
1229322.57
1232361.62
1265042.63
1265685.07
1295352.47
1302440.83
1305088.37
1338661.62
1356377.34
1384883.36
1416274.11
1430416.56
1465749.94
1456726.21
1466344.74
1475039.12
1458627.10
1473187.46
1463178.16
1422994.53
1402789.70
1307307.63
1248229.07
1187539.77
1198459.61
1207266.14
1229716.41
1258364.80
1287835.92
1299044.24
1320037.15
1332561.55
1376551.37
1408644.35
1419605.93
1434134.70
1468812.25
1482880.07
1518687.32
1532989.61
1542182.96
1564660.89
1550433.03
1414187.93
1299028.07
1237217.96
1161952.81
1118119.65
1039581.09
1023262.07
1091049.86
1142925.22
1180774.39
1218972.68
1254174.29
1279327.37
1332755.20
1369723.42
1413659.00
1460442.40
1484564.05
1507614.49
1551848.67
1572841.21
1562776.27
1567684.55
1579123.76
1550438.58
1514841.46
1503178.94
1458669.42
1424140.92
1408788.38
1385837.70
1382326.54
1403360.61
1422832.84
1428816.81
1447552.19
1479446.26
1520612.26
1553206.05
1563985.60
1576874.11
1586857.67
1597869.42
1606861.10
1613808.39
1618574.87
1635974.25
1644619.43
1616380.84
1604982.66
1595284.60
1541284.11
1555685.16
1520911.47
1524505.70
1547490.53
1550042.66
1567000.34
1582522.64
1581826.22
1555945.01
1529674.15
1512202.13
1469142.32
1459767.83
1449814.00
1440639.53
1432302.73
1423927.19
1409471.31
1412603.14
1404093.04
1379416.52
1364518.31
1257492.28
1210766.71
1132645.09
1071211.29
1039824.21
1101044.07
1142944.48
1155527.81
1190643.18
1212866.96
1232030.35
1231415.69
1258937.48
1266845.87
1277454.77
1262324.75
1267287.44
1294242.49
1300979.18
1301403.00
1341011.92
1302065.13
1269911.41
1231562.58
1215909.45
1170549.37
1151521.80
1134035.00
1136807.93
1139037.69
1140672.13
1136655.33
1161148.39
1157817.99
1184509.59
1204018.96
1251072.97
1259266.58
1269456.59
1279664.96
1264738.00
1269456.98
1272201.82
1273396.85
1285998.00
1274444.61
1255962.57
1223908.58
1211006.12
1185883.44
1174033.88
1181121.31
1191530.57
1202036.54
1230160.00
1264142.72
1298883.15
1258466.47
1264541.68
1301258.46
1352136.01
1338486.70
1349282.51
1356883.17
1365514.64
1372339.46
1377873.81
1380312.46
1369129.28
1356766.60
1336682.70
1326824.54
1313338.27
1267111.08
1251459.63
1257615.19
1246475.27
1248899.88
1273375.03
1279933.54
1287407.87
1284772.51
1289980.88
1327537.24
1350768.62
1357314.57
1365216.25
1395124.72
1382231.24
1410222.50
1417580.50
1441502.44
1466255.11
1429024.53
1281059.48
1288768.62
1212771.96
1166564.35
1169604.57
1127979.74
1172142.18
1156791.61
1200315.23
1227825.76
1245593.69
1273177.40
1291962.06
1336206.51
1371212.42
1385063.89
1402034.48
1439011.37
1455320.00
1447079.84
1456081.89
1459862.77
1481571.85
1486135.66
1468759.72
1443150.31
1425798.32
1404790.64
1393844.68
1392961.28
1392830.80
1401589.79
1429092.99
1434270.71
1445874.73
1446867.66
1452057.31
1493516.07
1567341.31
1582230.50
1621942.62
1638909.59
1655771.31
1646511.49
1655387.26
1635730.57
1652332.63
1629182.02
1605163.58
1573941.03
1529851.68
1457752.33
1403099.67
1364006.24
1347904.37
1335708.98
1328922.32
1297867.51
1263762.47
1239998.56
1232024.67
1229724.62
1237214.01
1227015.27
1220743.42
1213395.85
1231068.62
1228224.82
1246946.73
1243227.45
1251298.13
1184208.75
1091648.43
1017117.49
955728.52
927665.99
883887.69
843870.65
806268.82
861252.54
896625.72
915603.85
978693.98
994177.28
1018170.10
1066462.01
1084529.12
1100867.70
1118547.16
1133798.99
1148019.47
1138115.15
1121834.65
1121378.69
1114651.35
1107812.48
1054708.39
1022208.51
995261.99
967182.07
959725.40
940834.92
914245.41
911052.07
929034.42
935103.48
932344.39
925862.90
929420.49
943063.86
960358.61
960435.77
964621.02
966439.39
969425.03
970433.58
971977.63
971845.60
981264.21
962239.84
928725.48
921277.60
902295.44
880150.36
880408.62
867723.25
872334.87
873636.22
883538.38
889618.04
888456.37
892888.34
894657.17
908438.65
930514.06
932946.67
939079.47
942811.56
947184.89
950837.82
976503.73
957343.03
964724.06
949173.20
918446.17
913848.74
895237.41
868652.30
867244.08
856133.38
862749.00
869374.54
893329.78
907754.79
916442.62
919630.13
923317.55
935110.91
964353.44
993477.45
1004128.59
1036415.07
1048194.63
1058606.70
1066345.37
1069887.69
1088793.94
1052556.74
1058864.17
969956.38
1021278.73
1029020.74
1039244.12
1015980.19
1026919.97
1051341.76
1095627.78
1114265.42
1153727.17
1170287.13
1206708.77
1238309.68
1275208.69
1292439.26
1286533.56
1299404.47
1311438.40
1298909.56
1305341.17
1304856.18
1365040.87
1344975.36
1317891.36
1295314.35
1177969.95
1119911.51
1027196.15
935258.54
853530.97
896666.40
926834.68
973903.24
1000822.55
1031558.83
1067323.89
1116243.71
1153214.33
1191952.93
1213245.22
1255004.09
1274758.08
1292409.75
1331112.22
1342896.63
1372565.44
1250569.68
1140069.37
1058832.17
981611.60
963519.58
894631.81
814824.10
766829.41
823144.62
860747.13
921585.25
984900.51
1018319.98
1069874.74
1105121.57
1168948.20
1193258.29
1219004.93
1241690.16
1239811.71
1255098.44
1292150.67
1303415.97
1328975.89
1205406.52
1117371.36
1033165.41
977853.66
909525.39
827232.06
773200.38
693537.26
740693.75
779375.35
804623.32
821865.17
840764.31
879415.98
925609.84
986886.40
1005107.18
1025077.31
1065502.66
1085660.38
1103183.08
1117745.11
1127726.59
1150107.09
1150529.90
1149868.78
1119275.99
1105212.70
1093846.79
1067181.14
1039046.79
1017820.45
1062698.12
1096664.53
1106262.08
1143858.86
1153389.36
1167676.30
1190611.83
1221960.90
1256711.15
1271672.90
1309349.24
1325712.91
1340512.24
1353112.24
1364758.85
1382424.23
1235571.01
1147122.66
1060281.30
977262.41
914007.43
869125.69
796703.08
753193.63
820572.37
899124.03
888209.85
906103.40
910612.34
950828.55
972032.19
1003552.93
1014384.43
1029772.44
1041240.46
1053627.88
1063976.93
1072093.38
1078510.71
1095677.72
1076513.17
1046015.16
1032815.47
986444.63
892000.43
849797.66
785708.48
724221.61
763597.34
859648.20
921080.12
919364.16
931706.18
971970.02
996674.75
1056200.88
1050123.77
1067398.04
1105381.89
1121283.86
1160034.96
1175215.95
1184327.23
1230070.67
1105421.89
1041535.14
953804.33
876111.69
825666.40
782565.51
729861.31
665340.94
713604.59
784274.11
827563.07
886640.02
904432.64
932422.49
984312.89
1024527.78
1068697.86
1116903.19
1165548.91
1192686.24
1239888.18
1263948.09
1285169.63
1311274.68
1272369.23
1222199.02
1183316.53
1052428.52
957640.22
865591.37
846820.74
786364.97
801166.81
845247.39
863881.34
885034.43
882718.31
867267.34
851807.32
870481.49
936849.76
971343.87
1006286.04
996837.29
1006613.40
1036633.31
1066711.25
1061710.02
930916.46
828232.15
758880.69
672517.03
664550.68
655432.62
617118.76
615925.57
660830.08
719558.70
751853.88
794554.87
821597.20
865243.53
918993.13
961058.01
981948.47
1049813.57
1074735.30
1098878.67
1120288.17
1160211.72
1179218.50
1181169.83
1179116.46
1158488.58
1103935.23
1083204.84
1065938.49
1018213.10
980208.57
955758.73
960444.84
984673.46
1033733.93
1065497.63
1065374.61
1104390.28
1123444.67
1179129.50
1216093.80
1235368.17
1251446.91
1243983.21
1254749.12
1262575.69
1267770.01
1258464.59
1223323.82
1126547.95
1063191.00
1006217.05
1023395.49
1012803.39
1004212.35
998848.07
1011020.89
1040173.10
1044617.65
1050302.94
1057189.92
1064459.84
1055286.82
1075309.75
1101092.08
1132462.87
1164357.63
1176550.08
1188455.86
1174824.65
1199753.78
1193671.20
1070386.73
973273.21
950451.84
910378.76
871366.09
833633.88
817804.28
817635.96
819686.82
869145.91
901604.77
931003.69
935319.43
941198.95
988362.45
1018832.43
1053178.54
1093272.46
1109657.45
1149560.69
1168066.48
1183755.46
1221088.29
1245108.41
1184003.54
1154294.79
1089970.84
1012033.97
974409.88
929519.50
862348.29
795936.87
804745.61
823629.26
872821.97
922373.67
952060.66
965724.03
1009946.34
1067834.51
1108630.77
1153806.02
1199477.01
1224089.19
1269404.73
1292302.66
1306867.71
1336425.23
1300450.31
1212980.85
1109890.91
964152.03
892648.43
809586.55
743052.97
694042.62
684217.58
769429.93
797907.96
855656.32
888631.62
910372.67
937168.71
971244.92
1009371.12
1051401.37
1072376.55
1114518.31
1158826.66
1179432.26
1193479.38
1219123.97
1174798.75
1104504.14
979037.68
879389.54
813766.15
734079.01
652337.52
601465.38
568417.99
655805.55
729903.80
792632.19
852711.94
881111.20
890698.04
929569.69
924444.43
940500.77
954208.15
966749.55
978705.43
987670.13
989788.85
1008814.24
1020345.38
921008.38
873742.73
850605.08
789908.02
763838.29
707545.60
658140.96
633099.60
732857.94
816085.37
868432.72
899214.59
888884.51
882697.87
877173.46
849613.58
860305.33
869352.08
878097.69
889736.57
901141.70
905579.58
914818.53
897469.89
890085.52
870361.96
872733.38
894642.44
870370.65
853735.39
795693.91
838705.49
871527.82
883701.51
917187.37
942918.47
962021.74
1008583.14
1042135.33
1055685.65
1072636.20
1109146.50
1102699.71
1091295.93
1119695.64
1101887.58
1108725.30
1096945.48
1056678.14
1037089.77
1018551.06
1007227.00
975351.13
880539.78
821403.47
878142.74
930239.13
964235.07
1004278.97
1008515.10
1027708.70
1050245.00
1081415.44
1092671.88
1105690.24
1141396.52
1154272.85
1167597.79
1154618.67
1160446.87
1170397.02
1142598.80
1103002.32
1062464.89
1059968.06
1051781.20
1023083.30
958542.05
972529.72
951309.17
979764.22
1058640.33
1071785.87
1103410.91
1122001.38
1170259.20
1231751.32
1275149.42
1299391.96
1297818.88
1338072.76
1380003.81
1400765.01
1415576.18
1434944.38
1341714.98
1244078.94
1201757.25
1148270.12
1150194.89
1117920.45
1132324.37
1066611.53
1115958.21
1145716.28
1155108.68
1191081.24
1217283.16
1257965.90
1282349.82
1315012.96
1328604.53
1344283.20
1357429.24
1370695.85
1381861.01
1415214.17
1394899.56
1431061.89
1392635.79
1380403.00
1364884.76
1355414.05
1326750.74
1322345.14
1240339.93
1187645.00
1157853.23
1218655.37
1249719.71
1262234.57
1289922.61
1302684.74
1327056.34
1357289.74
1367455.86
1403958.96
1417657.45
1430661.50
1465327.70
1478414.13
1509819.46
1504672.36
1378629.18
1283135.98
1265637.15
1275664.07
1246612.86
1240520.07
1240089.02
1213590.09
1211659.22
1212929.00
1266492.43
1274928.76
1284146.87
1292824.64
1331413.94
1363286.24
1397399.82
1435459.80
1451803.36
1490284.49
1506559.04
1544582.80
1579950.51
1601087.46
1418206.21
1325022.51
1255085.07
1232630.97
1217782.59
1200094.81
1170216.81
1157380.17
1146998.11
1151865.06
1173510.37
1176883.70
1171382.02
1178730.01
1208554.41
1235707.19
1239835.66
1247817.15
1253540.80
1259292.02
1287187.25
1292517.93
1295557.79
1298104.26
1256496.41
1260985.06
1245892.32
1232429.72
1226584.72
1198485.10
1172205.72
1165582.84
1096638.18
1164157.65
1194778.93
1229848.14
1259050.61
1299940.46
1328459.78
1361109.99
1399308.67
1419781.50
1437457.57
1477361.33
1494589.99
1534562.51
1546218.57
1510962.07
1388641.94
1325418.02
1305899.26
1208561.86
1152108.18
1075413.01
1018894.92
969352.05
935131.92
993223.25
1057470.07
1096231.11
1128085.05
1155492.04
1204956.42
1267555.56
1289749.67
1336403.03
1359869.56
1406096.87
1428674.68
1450736.91
1422855.04
1429028.79
1407794.26
1320706.26
1201609.48
1116651.66
1060867.39
990238.09
911009.52
864746.19
849490.89
912735.61
978323.83
1018625.36
1055133.28
1076410.95
1128911.72
1191499.44
1213736.70
1238463.53
1282865.03
1305924.59
1326628.43
1346253.71
1361389.75
1369575.59
1349432.75
1323934.87
1241159.43
1177745.26
1110090.13
1050108.53
1000347.32
963581.87
951537.72
1063376.69
1112745.46
1111390.33
1147407.78
1164392.81
1191935.48
1226166.41
1240672.65
1258829.21
1273411.82
1287990.04
1276381.20
1282390.48
1285118.51
1290650.71
1241230.58
1226143.30
1208015.52
1169155.88
1132242.96
1097406.07
1083182.34
1055382.02
1043363.21
1042682.74
1037547.58
1040540.00
1024982.94
1048973.41
1063355.08
1084270.21
1085074.44
1089751.90
1092466.15
1095557.13
1097267.55
1121466.33
1120567.73
1119711.87
1107144.92
1082185.53
1066165.44
1029418.44
1018514.03
1007266.42
989308.49
960928.13
934802.51
941030.81
960570.51
966020.59
937476.19
960865.89
977932.76
998715.17
1001562.84
1006904.28
1010645.91
1014407.03
1017537.40
1019332.33
1017844.12
1038377.34
995225.26
954568.71
951621.61
917170.87
901960.21
891400.91
877972.24
830580.63
840850.48
962979.17
1004810.96
1026311.09
1017537.75
1031882.60
1055954.35
1108881.55
1123239.86
1162304.00
1179575.76
1195553.91
1232887.23
1271385.55
1258335.47
1244065.66
1211554.47
1167419.00
1171864.58
1136536.57
1062997.70
1052328.69
1065225.57
1012852.10
1067978.41
1083935.20
1095548.92
1107761.21
1129323.18
1116888.52
1133002.65
1159369.14
1165312.64
1172905.34
1179321.44
1185505.92
1191036.26
1195307.94
1192449.88
1186868.88
1171640.12
1152978.87
1075514.76
1072966.71
1060986.64
1028878.17
1045623.93
993451.03
983403.58
990191.88
994206.46
1018517.01
1015479.46
1020426.80
1059334.68
1083989.66
1090492.87
1145720.30
1159154.77
1194969.06
1161939.68
1145995.31
1144988.89
1111974.92
1091314.15
1017945.76
986100.85
937443.73
854529.91
835497.28
816091.86
775879.13
759676.16
758743.27
779076.36
822478.06
845440.83
827652.96
866439.77
913618.19
922451.09
910636.35
917156.01
946362.57
954449.29
984727.14
991245.92
947208.30
805422.94
700283.54
606097.98
536547.07
478481.93
402481.58
323148.22
244960.28
209047.39
253426.73
322657.89
384000.44
389690.45
455215.31
482612.38
548036.66
615428.04
621719.46
667933.86
692243.41
714419.75
710760.30
714466.79
647956.50
548521.78
481661.34
398965.72
298028.27
293752.82
253573.22
284742.92
255893.63
242820.28
254459.97
278090.24
307347.07
332148.12
371577.63
365218.08
418102.10
406614.21
416450.44
424967.06
456509.54
466859.40
498072.58
499572.00
385029.67
360836.78
387351.05
396757.84
392642.66
394050.40
374377.16
327745.05
255833.45
256507.98
265603.14
291052.64
298012.10
294179.06
291705.10
312101.88
356498.31
361028.88
394361.15
404123.83
414276.54
422801.75
429632.72
449089.04
425505.57
418747.15
398031.40
406942.33
371858.45
339866.50
352369.89
352509.39
324349.02
384831.28
411517.42
450586.10
493091.07
549571.33
550745.42
580126.70
639970.57
682984.82
706941.51
727710.33
747813.08
766376.69
781739.42
788241.39
732704.85
735832.03
641131.93
582227.77
534467.28
467257.27
427581.56
360686.42
291979.06
243709.58
292763.91
346453.40
406970.34
444596.06
469824.32
518608.73
538577.85
555390.63
574779.67
613928.62
633106.21
672930.26
690636.78
717676.80
659395.68
615821.04
544698.96
463306.52
461768.21
406495.47
365809.91
291452.88
244872.29
187654.99
243609.75
316038.70
378046.54
393964.73
462549.96
540919.92
570656.49
642205.60
697191.59
751662.97
808740.27
865447.82
899114.99
900920.94
893107.93
773562.63
704726.94
587606.93
502315.88
447821.57
353070.99
296479.31
222686.00
160352.33
202715.73
273759.67
308436.83
311730.87
353039.98
396150.10
431716.85
469338.35
536967.26
561373.10
607200.41
630374.20
675207.10
685769.80
667228.37
560129.82
409631.66
340542.45
255001.78
174777.99
101003.70
17042.59
0.00
0.00
0.00
0.00
46400.05
70674.28
110742.66
159064.34
245238.53
315845.41
347131.21
375801.61
378979.12
400077.05
416601.63
418659.59
418079.75
290314.84
193786.13
189405.98
72800.59
0.00
0.00
0.00
0.00
0.00
0.00
0.00
0.00
0.00
0.00
124147.92
228333.05
268455.77
331836.88
394468.35
457264.19
496524.22
531954.51
555051.99
548574.25
533023.69
550423.27
533157.92
509127.91
486446.32
484883.66
437278.52
413792.64
444123.62
460975.59
473376.71
554823.73
566786.51
589321.66
636724.74
673806.20
667508.07
683088.09
696016.26
708630.63
719865.84
728861.03
726045.24
691200.38
664340.59
662945.95
667261.08
633731.01
594838.94
624163.21
526101.16
460093.50
474509.14
467568.62
569858.02
584942.31
614518.92
636312.79
668363.52
678024.75
688886.67
727304.81
741851.93
755527.11
767777.75
777947.05
774672.48
746204.14
713290.41
668736.22
628935.55
634211.80
629335.85
624874.90
621238.72
593573.53
586239.28
597896.68
604734.31
633350.69
658532.32
692910.33
716198.03
772640.71
834150.91
856442.77
899516.22
921983.55
918843.34
909131.47
886978.71
869173.53
823180.70
794291.11
752251.20
644334.69
596967.47
528308.87
427312.50
368266.88
303968.39
332608.28
365775.55
383509.14
381204.09
407083.37
424009.30
469388.48
476425.52
463539.32
491737.72
500164.98
506926.30
512355.95
531251.12
516438.17
504832.79
501184.82
495607.57
489599.30
497296.81
459231.07
480761.23
438856.91
430025.19
420986.08
518623.37
554984.48
582646.26
606413.88
617798.69
642959.50
641997.36
663219.96
682839.82
699708.52
715503.88
741027.16
725849.48
737411.87
749001.03
731507.12
727534.10
700086.56
717831.35
760344.48
750146.45
742483.80
692763.79
710916.32
745837.95
781743.01
789934.45
809872.79
831283.50
864332.58
899869.86
917943.15
980184.29
1024261.22
1092848.21
1116903.58
1099663.20
1039256.58
969514.25
867502.96
806404.52
755512.64
713750.26
644335.03
596774.41
550639.02
520903.15
585055.44
621346.56
655152.49
666224.87
684004.36
684606.41
760775.93
776458.78
793562.47
808200.86
822310.62
811593.27
841953.91
838267.64
824125.17
813941.98
821190.24
791657.01
783609.58
775989.74
748083.10
740970.84
714155.51
699592.43
712049.11
724125.60
774682.66
783915.94
795841.63
817073.78
844754.90
878210.18
892264.67
927196.33
919519.75
929933.92
937413.52
927846.84
914957.48
870880.48
777044.51
689832.66
679502.40
615731.10
591592.52
574720.46
527926.05
450585.62
451293.73
500088.04
527993.91
550785.70
584235.23
603938.49
658063.96
671745.28
710426.39
726368.17
741208.95
755348.96
765822.20
765072.07
764560.68
754983.07
759630.78
751722.65
767688.59
770645.18
765197.28
745781.88
744249.64
738983.34
755427.81
798709.28
810212.27
820246.27
838101.81
858251.71
888736.27
900180.39
913223.45
923696.04
957470.40
968756.89
979410.03
971121.88
959547.36
926989.52
910044.37
897254.79
887679.44
853137.07
846725.60
835538.52
826818.20
756747.71
750795.08
785239.48
815837.40
837614.17
900904.35
948811.96
965138.35
1025859.44
1049497.24
1093870.38
1139191.05
1162466.12
1184207.26
1055892.65
1101857.89
1033847.88
920518.14
833208.39
771372.94
746495.84
747331.92
714150.80
701763.68
690725.54
721711.13
736421.60
765933.14
790393.15
803499.53
841464.16
875599.79
910740.51
928154.69
942051.38
956319.17
968538.97
980400.84
973712.86
970549.82
943865.69
927932.47
917690.87
887258.16
898790.66
895078.68
914415.09
825233.73
850875.94
805601.77
889200.14
950900.99
960299.77
981115.12
1007285.07
1063528.99
1104624.14
1103644.61
1120290.06
1135059.70
1148926.57
1182752.87
1139491.20
1072626.65
1001828.05
949811.07
924874.57
876438.89
831969.28
774829.13
733334.53
669469.42
664442.01
652603.01
724008.81
810044.19
850499.06
882556.74
935688.60
980075.63
1026981.39
1055135.62
1080595.45
1103424.93
1101349.90
1139492.44
1094912.49
1003355.27
907938.17
799940.01
714271.67
656227.74
601942.44
533256.72
482601.99
430933.11
421551.57
476948.44
513018.40
525994.69
554452.39
570000.89
618297.64
648728.59
662289.07
655298.57
688561.25
701500.25
690330.44
696037.89
628181.63
553896.37
506943.22
523007.74
510894.45
451880.36
384796.34
341596.05
320621.45
274100.71
149927.30
178336.40
211108.21
258832.33
279369.03
293226.05
337837.48
363911.42
397923.02
413397.41
427360.37
486452.71
527218.09
544317.52
468562.26
452287.65
368374.16
372111.30
309969.81
268452.50
253301.43
260294.57
320145.22
369442.34
357710.80
397014.45
421945.93
463535.18
501717.17
551941.73
629732.78
631324.01
651868.62
673184.57
691778.63
709276.07
725317.04
736780.64
728142.29
706376.98
668119.34
669881.62
636009.66
619962.80
590486.90
602833.04
594078.39
590003.44
568255.46
574316.92
609255.95
667617.58
676282.22
692367.94
713973.78
746705.72
758170.64
771924.12
807136.65
821300.19
834145.83
844135.51
832889.56
805617.62
758889.07
732025.17
711844.81
721363.47
691855.00
685031.04
604773.56
526972.76
484055.70
458527.53
540270.98
599600.33
604270.95
670227.97
719420.43
785298.29
831453.47
883230.36
934102.55
963597.31
989219.62
1034480.17
946528.66
897340.25
799070.83
659111.21
593021.02
559066.16
510413.10
462298.14
417374.32
352914.18
322692.80
323180.94
390192.40
446154.95
482134.08
501982.90
549441.58
612408.22
634009.49
656698.76
699873.79
745753.41
768741.87
809488.53
741336.62
687130.70
580168.00
471414.72
436028.73
404562.19
397273.85
411155.37
378171.76
330153.04
304194.31
358139.78
376999.75
394841.38
440201.76
460061.76
484528.01
566039.64
585970.52
630918.74
653018.28
696752.31
718632.41
734501.97
725325.94
677327.46
666500.09
645326.15
656064.49
570399.94
528200.86
467985.89
425351.93
387866.70
383916.15
370958.96
441209.41
505254.86
519254.83
565472.04
644986.17
714810.88
789678.75
849105.79
907918.96
942870.55
999954.35
1028168.06
988865.77
883458.35
818416.12
786669.48
762142.29
682318.92
658822.87
600608.10
537930.30
495640.91
465852.33
463675.14
512496.36
571911.89
604216.29
648340.33
656230.24
715583.08
758419.84
781445.35
825646.66
871396.23
895557.15
907011.91
837119.20
776407.44
690312.98
583120.88
525178.94
471843.87
421494.77
382974.24
335847.62
295152.49
266001.42
265598.37
308615.44
348974.78
353591.36
393353.93
419986.38
475819.36
539828.21
587760.11
612607.79
659277.94
707374.41
722495.63
675076.09
650784.73
516229.02
405351.51
323236.42
265374.53
232892.04
191005.88
124057.94
74732.03
70249.32
66054.89
112482.38
149878.57
179125.47
242254.89
298960.60
365801.26
390809.67
393749.57
436357.81
505678.71
555312.02
567165.42
525980.65
473479.27
467191.34
330373.93
229952.40
211939.04
216892.69
204659.44
263336.99
212455.72
131107.09
106139.92
193757.56
228000.25
256713.57
318974.59
373579.42
439745.15
486244.75
515482.15
565070.47
591310.99
639274.34
655609.39
632227.66
546243.65
453583.01
372766.62
313446.99
286171.90
237035.83
216029.53
187629.10
124599.26
157298.53
231990.39
226957.23
268279.20
299606.98
344965.19
418753.39
484841.04
487385.69
511306.91
532233.71
551850.65
593057.20
608045.38
595814.19
576120.24
589170.29
564749.96
508133.73
446877.19
400466.20
367136.17
374752.78
319638.14
286823.29
253710.40
307283.90
397253.72
430991.00
458718.75
533941.26
602350.73
630063.73
657438.15
705974.27
755765.80
782949.71
803574.57
748673.30
676215.13
587144.13
505279.01
434084.21
410533.92
392181.87
376999.32
321872.72
301711.78
283586.87
274334.59
313444.60
374796.20
408335.93
455089.17
505731.52
572946.98
597947.10
646296.06
671977.81
719629.96
745103.35
734286.59
677843.79
621124.87
527336.42
396979.95
309633.85
261704.35
228771.40
180424.69
134265.51
89608.74
83395.62
147220.88
235899.55
283155.19
305285.66
345642.38
360117.20
422580.79
443594.58
465625.43
485202.57
503357.08
543469.99
551878.22
539956.48
489634.43
432712.79
389444.71
398334.74
363035.90
330984.51
304327.84
225005.17
184615.52
131452.51
93449.34
159269.31
231231.08
265632.08
282507.22
291029.42
348504.20
364166.62
406343.40
425688.06
443334.41
458635.08
454373.78
356746.10
326218.70
240724.70
136418.61
81463.77
2809.17
0.00
0.00
0.00
0.00
0.00
0.00
0.00
0.00
0.00
0.00
50.58
59402.62
77767.05
121172.42
187707.43
213565.17
237000.12
239672.45
166455.53
106839.34
41856.91
0.00
0.00
0.00
0.00
0.00
0.00
0.00
0.00
0.00
0.00
0.00
0.00
0.00
0.00
0.00
0.00
43804.27
98675.29
130556.09
183116.88
203939.90
167742.47
100345.48
14660.03
0.00
0.00
0.00
0.00
0.00
0.00
0.00
0.00
0.00
0.00
0.00
0.00
0.00
0.00
0.00
0.00
0.00
0.00
0.00
0.00
0.00
0.00
0.00
0.00
0.00
0.00
0.00
0.00
0.00
0.00
0.00
0.00
0.00
0.00
0.00
0.00
0.00
0.00
0.00
11235.20
69966.96
114246.98
144632.61
156162.04
128592.37
114939.69
50535.47
6751.42
0.00
0.00
0.00
0.00
0.00
0.00
0.00
0.00
0.00
0.00
0.00
0.00
0.00
31841.08
112331.67
174887.64
263272.70
330847.98
398768.82
419879.74
385819.11
264669.90
212103.17
134830.15
35405.13
0.00
0.00
0.00
0.00
0.00
0.00
0.00
0.00
0.00
0.00
0.00
1671.71
93279.99
174760.02
236712.94
279687.63
340688.76
403331.99
442113.48
379620.96
263900.74
179575.54
48723.81
0.00
0.00
0.00
0.00
0.00
0.00
0.00
0.00
0.00
0.00
0.00
0.00
0.00
43872.87
115900.22
149264.49
207062.58
264348.67
299036.10
330800.69
346939.44
312202.99
323987.17
345975.97
346865.71
329846.58
302979.18
253429.27
237093.49
191959.58
232106.06
199935.19
218756.42
245876.82
329012.00
393268.77
423152.15
488669.00
557545.33
587740.69
642593.79
696919.79
729195.05
734673.75
698893.85
676707.22
637323.86
591847.18
573412.83
555387.16
523218.93
530687.53
526308.01
496587.58
491572.84
466971.02
459791.87
472300.41
504857.28
501423.21
513067.63
527639.65
554532.08
560329.94
592871.07
579794.30
585948.92
591152.08
559562.70
530678.95
489319.95
483032.25
460604.49
444096.26
408668.39
418104.46
327070.26
289461.29
282688.75
278758.08
250976.27
296632.80
367630.13
402139.28
447406.17
543363.00
595323.59
622976.43
651306.49
677349.03
700740.89
698799.74
676126.37
606772.75
545584.45
405998.68
315063.45
250290.87
238959.72
138586.47
116267.59
72458.36
25673.13
0.00
0.00
21605.30
73748.25
150594.29
196241.50
256598.09
326685.10
376596.98
409668.87
437850.51
465123.10
465968.02
418174.09
262551.51
192346.61
127694.26
85549.11
60831.92
59770.52
42075.37
71222.97
0.00
0.00
0.00
0.00
0.00
0.00
27259.47
76981.98
108054.00
223590.22
301570.89
362057.05
422404.35
459757.84
494015.62
457520.18
367935.78
323725.30
297930.35
259829.08
202387.03
156602.35
109787.60
27986.78
0.00
0.00
0.00
0.00
0.00
13893.72
48032.85
66994.84
100342.11
185007.62
233078.36
237049.90
258561.45
279255.24
297889.73
295453.25
262093.84
249257.57
190502.96
122415.61
71437.99
27794.86
6632.87
0.00
0.00
0.00
0.00
0.00
0.00
0.00
24165.40
80883.24
116355.70
186608.55
215295.69
244667.17
293831.46
321907.06
346539.52
313490.24
249850.50
260844.77
224852.13
241224.10
200772.37
181378.40
168660.44
150016.36
121171.91
120979.82
124303.57
165426.79
194989.56
218622.37
253249.19
297701.48
358076.46
399453.49
446487.85
496148.31
523177.00
571538.61
597486.60
533355.91
432782.84
379333.87
370510.77
330343.49
317439.88
296799.71
260027.14
247941.62
193901.02
133131.78
124829.94
129699.34
162737.84
248424.01
282471.35
333510.34
389772.42
457887.45
508743.18
541225.06
593628.14
646807.28
628758.85
562036.10
452426.49
373119.89
301791.79
240273.71
209525.57
159323.13
115201.23
80037.29
47115.73
7809.86
2724.51
0.00
26825.23
133451.47
173090.89
225863.51
288047.33
333778.68
385339.94
439551.38
494422.45
503166.99
527376.86
468169.00
361386.67
344564.65
267993.31
219267.14
173307.01
126065.24
83858.18
53758.56
42965.79
0.00
0.00
0.00
28294.71
90832.18
131088.32
182501.43
240170.21
310867.07
363840.65
396623.51
425576.54
476923.24
478908.98
423344.98
338623.99
254513.87
195541.83
117156.43
64484.57
14872.85
0.00
0.00
0.00
0.00
0.00
0.00
0.00
0.00
0.00
0.00
46701.22
110415.50
134612.45
207401.95
236043.39
286123.68
312263.40
319069.27
316673.84
273116.06
288280.50
263956.57
200606.96
134728.72
95255.63
65463.33
33044.84
0.00
0.00
0.00
190.73
40722.62
97396.80
170675.23
229597.20
300153.49
329920.20
360397.99
388064.50
436342.67
438506.92
386748.24
288835.47
208780.28
198678.22
130465.50
82974.10
0.00
0.00
0.00
0.00
0.00
0.00
0.00
0.00
0.00
0.00
0.00
0.00
0.00
0.00
35764.89
57538.32
78146.62
95385.06
92200.48
58216.62
47838.12
62252.15
35115.83
776.98
0.00
0.00
0.00
0.00
0.00
0.00
0.00
0.00
0.00
0.00
0.00
32407.00
102417.84
132060.20
163154.71
189502.49
239064.29
241287.50
196011.54
134840.28
88701.13
0.00
0.00
0.00
0.00
0.00
0.00
0.00
0.00
0.00
0.00
0.00
0.00
0.00
0.00
0.00
52805.15
105792.20
137350.37
189686.93
219811.06
222458.74
178772.80
146371.21
83511.45
39136.87
0.00
0.00
0.00
0.00
0.00
0.00
0.00
0.00
0.00
0.00
0.00
0.00
0.00
0.00
0.00
11180.53
77244.62
124203.57
149987.20
171579.82
122185.76
20264.38
4569.88
13499.86
0.00
0.00
0.00
0.00
0.00
0.00
0.00
0.00
0.00
0.00
16521.09
20001.15
61925.40
85763.64
96978.92
129572.18
169903.85
210419.33
252808.50
268222.38
196052.94
209077.00
212398.71
200649.89
196708.23
130212.84
71855.90
30541.07
630.77
0.00
0.00
0.00
6625.07
44111.29
71930.17
107352.57
154783.07
236203.08
283167.00
310193.80
337054.94
407402.58
413534.52
405486.90
343447.38
294605.34
290421.02
273213.41
239181.58
202153.82
161620.32
146804.15
74978.99
14108.25
0.00
0.00
0.00
0.00
31070.66
63723.84
129910.62
170733.21
233531.03
258516.48
284620.67
331428.73
378925.19
377966.29
305187.80
192712.88
94943.50
30451.82
0.00
0.00
0.00
0.00
0.00
0.00
0.00
0.00
0.00
0.00
0.00
0.00
0.00
0.00
0.00
0.00
54567.66
90377.39
146168.48
150780.08
92065.25
21853.23
0.00
0.00
0.00
0.00
0.00
0.00
0.00
0.00
0.00
0.00
0.00
0.00
0.00
0.00
0.00
0.00
0.00
0.00
23897.61
56302.05
86524.56
84481.19
41856.51
0.00
0.00
0.00
0.00
0.00
0.00
0.00
0.00
0.00
0.00
0.00
0.00
0.00
0.00
0.00
0.00
0.00
0.00
44620.51
76171.02
104619.45
131840.22
176122.22
142068.37
120943.04
105261.42
61124.56
44335.36
8303.24
0.00
0.00
0.00
0.00
0.00
0.00
0.00
0.00
0.00
20994.14
49075.16
109222.31
132297.44
154694.72
179036.23
223450.02
246215.71
262619.69
260694.74
226238.55
296388.91
279009.38
249798.14
194499.74
157075.64
120313.94
128231.40
102273.03
51838.26
24041.96
16826.53
26241.22
111334.48
126637.49
173215.17
228521.23
295987.66
344759.83
373744.71
400511.52
425052.65
435126.35
415365.25
379270.19
355246.84
298980.02
264592.59
195410.40
167466.50
123697.07
117331.92
60361.31
48389.60
24422.97
27708.81
48618.34
115403.12
152451.61
201867.69
260681.56
305348.14
330044.99
354572.21
378460.58
376362.00
385016.08
356141.16
316121.01
334211.81
303432.78
289375.12
252244.28
212951.01
212157.13
159731.74
123361.22
92974.35
170642.17
154124.57
163638.73
171091.63
173362.76
206264.86
227578.83
255081.93
264621.20
297842.71
333447.28
371926.43
359862.35
328001.58
283243.09
254391.92
230257.21
128523.93
70111.34
17234.19
0.00
0.00
0.00
19156.52
0.00
0.00
4279.87
47784.56
68738.94
77380.43
104075.97
137695.01
157959.92
190081.82
220537.23
242756.37
254854.61
242607.87
231247.17
251929.92
234332.87
223642.61
193830.52
129508.63
93077.44
62950.31
0.00
0.00
0.00
0.00
0.00
0.00
0.00
16997.37
68584.34
108480.40
151878.67
175460.29
196591.90
263158.91
300526.61
222785.72
140545.45
104528.77
24727.43
0.00
0.00
0.00
0.00
0.00
0.00
0.00
0.00
0.00
0.00
0.00
0.00
0.00
0.00
0.00
0.00
50129.86
103292.73
159584.19
205973.48
168301.66
55159.97
0.00
0.00
0.00
0.00
0.00
0.00
0.00
0.00
0.00
0.00
0.00
0.00
0.00
0.00
0.00
0.00
0.00
0.00
0.00
0.00
14618.62
38233.61
25114.73
0.00
0.00
0.00
0.00
0.00
0.00
0.00
0.00
0.00
0.00
0.00
0.00
0.00
0.00
0.00
0.00
0.00
0.00
0.00
0.00
0.00
0.00
0.00
0.00
0.00
0.00
0.00
0.00
0.00
0.00
0.00
0.00
0.00
0.00
0.00
0.00
0.00
0.00
0.00
0.00
0.00
0.00
0.00
0.00
0.00
0.00
0.00
0.00
0.00
0.00
0.00
0.00
0.00
0.00
0.00
0.00
0.00
0.00
0.00
0.00
0.00
0.00
0.00
0.00
0.00
0.00
0.00
0.00
0.00
0.00
0.00
0.00
0.00
0.00
0.00
0.00
0.00
0.00
0.00
0.00
0.00
0.00
0.00
0.00
0.00
0.00
0.00
0.00
0.00
0.00
0.00
0.00
0.00
0.00
0.00
0.00
0.00
0.00
0.00
0.00
0.00
0.00
0.00
0.00
0.00
0.00
0.00
0.00
0.00
0.00
0.00
0.00
0.00
34408.57
58696.08
85445.82
108650.38
130531.15
159392.37
143061.08
98361.59
69751.02
64097.63
28195.05
0.00
0.00
0.00
0.00
0.00
0.00
0.00
0.00
0.00
0.00
0.00
0.00
0.00
29266.42
54163.15
81149.89
127567.11
175998.22
218695.78
198202.03
74667.46
49254.57
0.00
0.00
0.00
0.00
0.00
0.00
0.00
0.00
0.00
0.00
0.00
0.00
0.00
0.00
0.00
20651.29
74371.64
133553.96
167391.38
199866.67
225415.49
176188.73
69226.52
51718.35
0.00
0.00
0.00
0.00
0.00
0.00
0.00
0.00
0.00
0.00
0.00
0.00
0.00
0.00
0.00
0.00
6754.47
55436.35
127650.08
133951.39
152719.16
127894.90
57336.05
34217.30
0.00
0.00
0.00
0.00
0.00
0.00
0.00
0.00
0.00
0.00
0.00
0.00
0.00
0.00
0.00
0.00
0.00
27148.50
77515.57
129262.28
152863.95
130157.98
42559.34
0.00
0.00
0.00
0.00
0.00
0.00
0.00
0.00
0.00
0.00
0.00
0.00
0.00
0.00
0.00
0.00
0.00
0.00
0.00
0.00
17196.75
35732.48
18447.68
0.00
0.00
0.00
0.00
0.00
0.00
0.00
0.00
0.00
0.00
0.00
0.00
0.00
0.00
0.00
0.00
0.00
0.00
0.00
5823.90
24951.53
43066.43
76293.07
44905.01
9825.43
24164.56
0.00
0.00
0.00
0.00
0.00
0.00
0.00
0.00
0.00
0.00
0.00
0.00
0.00
0.00
0.00
0.00
0.00
0.00
0.00
0.00
0.00
0.00
0.00
0.00
0.00
0.00
0.00
0.00
0.00
0.00
0.00
0.00
0.00
0.00
0.00
0.00
0.00
0.00
0.00
0.00
0.00
0.00
0.00
0.00
0.00
0.00
0.00
0.00
0.00
0.00
0.00
0.00
0.00
0.00
0.00
0.00
0.00
0.00
0.00
0.00
0.00
0.00
0.00
0.00
0.00
0.00
0.00
0.00
22940.22
26197.70
718.50
7164.17
0.00
0.00
0.00
0.00
0.00
0.00
0.00
0.00
0.00
0.00
0.00
0.00
0.00
7041.62
43403.29
108442.71
156275.01
185067.62
233416.11
284215.24
304712.35
278927.91
190628.40
139730.87
120012.12
110539.31
78497.92
19869.94
4272.14
0.00
0.00
0.00
7870.43
56132.50
79981.51
105084.53
124152.31
146367.13
199960.98
240012.88
258486.30
257348.65
272333.92
286623.99
293992.29
304082.75
272124.78
290403.30
263182.95
204781.70
156745.92
110709.40
113009.00
23701.23
26948.86
53108.21
97846.42
40651.82
10063.43
52133.36
83600.76
97496.03
141099.88
201330.29
219369.46
261264.30
303961.79
349510.68
369307.91
349347.56
290898.15
232093.80
144588.84
106110.66
80485.27
59460.13
53989.33
30135.88
0.00
0.00
0.00
0.00
0.00
0.00
0.00
0.00
0.00
33148.73
71782.98
91991.54
132272.19
152561.39
166343.20
113446.89
35554.17
0.00
0.00
0.00
0.00
0.00
0.00
0.00
0.00
0.00
0.00
0.00
0.00
0.00
0.00
0.00
0.00
0.00
0.00
17149.20
68592.53
98480.55
117739.80
97543.24
31318.07
27032.81
0.00
0.00
0.00
0.00
0.00
0.00
0.00
0.00
0.00
0.00
0.00
0.00
0.00
0.00
0.00
0.00
6953.86
56659.02
81529.71
151980.89
173359.94
136034.92
76947.86
73544.54
36730.49
0.00
0.00
0.00
0.00
0.00
0.00
0.00
0.00
0.00
0.00
0.00
23848.65
111794.06
176740.76
229458.90
235794.05
240803.34
262709.54
305626.13
321532.66
270027.34
261775.71
269226.95
217016.04
183438.10
169059.18
105842.69
68295.74
57086.34
806.04
0.00
0.00
0.00
0.00
0.00
0.00
23571.42
56370.30
113064.52
155906.36
179556.79
200275.04
220411.08
232863.91
227787.37
189555.59
211307.66
187441.56
156027.66
141612.53
104826.43
69056.98
29018.74
0.00
0.00
0.00
0.00
0.00
0.00
0.00
0.00
0.00
8178.27
42492.68
61202.38
75751.85
113500.11
112034.84
84439.47
25897.04
0.00
0.00
0.00
0.00
0.00
0.00
0.00
0.00
0.00
0.00
0.00
0.00
0.00
0.00
0.00
0.00
0.00
0.00
0.00
0.00
18449.25
15726.88
0.00
0.00
0.00
0.00
0.00
0.00
0.00
0.00
0.00
0.00
0.00
0.00
0.00
0.00
0.00
0.00
0.00
0.00
0.00
0.00
0.00
0.00
0.00
0.00
0.00
0.00
0.00
0.00
0.00
0.00
0.00
0.00
0.00
0.00
0.00
0.00
0.00
0.00
0.00
0.00
0.00
0.00
0.00
0.00
0.00
0.00
0.00
0.00
0.00
0.00
0.00
0.00
0.00
0.00
0.00
0.00
0.00
0.00
0.00
0.00
0.00
9208.30
48909.24
74048.07
85833.09
104472.66
133144.58
147359.90
181898.87
198908.86
198851.80
170453.97
105241.48
58653.52
0.00
0.00
0.00
0.00
0.00
0.00
0.00
0.00
0.00
0.00
0.00
0.00
0.00
0.00
0.00
0.00
0.00
0.00
0.00
0.00
0.00
0.00
0.00
0.00
0.00
0.00
0.00
0.00
0.00
0.00
0.00
0.00
0.00
0.00
0.00
0.00
0.00
0.00
0.00
0.00
0.00
0.00
0.00
0.00
0.00
0.00
0.00
0.00
0.00
0.00
0.00
0.00
0.00
0.00
0.00
0.00
0.00
0.00
0.00
0.00
0.00
0.00
0.00
0.00
0.00
0.00
0.00
0.00
0.00
0.00
0.00
0.00
0.00
0.00
0.00
0.00
0.00
0.00
0.00
0.00
0.00
0.00
0.00
0.00
0.00
0.00
0.00
0.00
0.00
0.00
0.00
0.00
0.00
0.00
0.00
0.00
0.00
0.00
0.00
0.00
0.00
0.00
0.00
0.00
0.00
0.00
0.00
0.00
0.00
0.00
0.00
0.00
0.00
0.00
0.00
0.00
0.00
0.00
0.00
0.00
0.00
0.00
0.00
0.00
0.00
0.00
0.00
0.00
0.00
0.00
0.00
0.00
0.00
0.00
0.00
0.00
0.00
0.00
0.00
0.00
0.00
0.00
0.00
0.00
0.00
0.00
0.00
0.00
0.00
0.00
0.00
0.00
0.00
0.00
0.00
0.00
0.00
0.00
0.00
0.00
0.00
0.00
0.00
0.00
0.00
0.00
0.00
0.00
0.00
0.00
0.00
0.00
0.00
0.00
0.00
0.00
0.00
0.00
0.00
0.00
0.00
0.00
0.00
0.00
0.00
0.00
0.00
0.00
0.00
21081.45
46617.46
75856.68
59480.74
80997.73
37119.04
0.00
0.00
0.00
5158.27
0.00
0.00
0.00
0.00
0.00
0.00
1417.80
47505.08
77154.55
117939.31
160408.99
206931.13
207551.53
250417.04
267626.62
266273.94
257259.00
235611.62
157057.75
198164.37
190994.44
157877.62
130729.22
69116.28
0.00
0.00
0.00
0.00
0.00
0.00
0.00
43164.40
118439.65
213991.15
245178.42
300252.65
331209.98
385430.07
382363.63
322906.63
244153.85
166936.38
95417.98
15612.45
0.00
0.00
0.00
0.00
0.00
0.00
0.00
0.00
0.00
0.00
0.00
0.00
0.00
0.00
0.00
40722.87
90012.43
142046.17
167961.66
158233.28
81449.87
4657.64
0.00
0.00
0.00
0.00
0.00
0.00
0.00
0.00
0.00
0.00
0.00
0.00
0.00
0.00
0.00
19888.01
59719.31
80685.49
99022.79
116330.45
130138.58
125202.93
88305.20
88372.22
70026.64
60844.81
4193.85
35530.47
0.00
0.00
0.00
0.00
0.00
0.00
0.00
0.00
0.00
20307.26
44211.87
77483.43
89485.80
103283.68
138370.31
153576.08
164268.92
120142.09
104714.34
77375.08
69869.24
72488.23
74777.04
42724.30
14947.28
0.00
0.00
0.00
0.00
0.00
0.00
0.00
0.00
0.00
13068.93
65958.05
77802.64
140231.16
158463.37
177390.87
163828.84
123735.85
81691.31
18626.79
0.00
0.00
0.00
0.00
0.00
0.00
0.00
0.00
0.00
0.00
0.00
0.00
0.00
0.00
0.00
0.00
0.00
0.00
0.00
3628.37
44391.91
22583.67
0.00
0.00
0.00
0.00
0.00
0.00
0.00
0.00
0.00
0.00
0.00
0.00
0.00
0.00
0.00
0.00
0.00
0.00
0.00
0.00
0.00
0.00
0.00
0.00
0.00
0.00
0.00
0.00
0.00
0.00
0.00
0.00
0.00
0.00
0.00
0.00
0.00
0.00
0.00
0.00
0.00
0.00
0.00
0.00
0.00
0.00
0.00
0.00
0.00
0.00
0.00
0.00
0.00
0.00
0.00
0.00
0.00
0.00
0.00
0.00
0.00
0.00
0.00
0.00
0.00
0.00
0.00
0.00
0.00
0.00
0.00
0.00
0.00
0.00
0.00
0.00
0.00
0.00
0.00
0.00
0.00
0.00
0.00
0.00
0.00
0.00
0.00
0.00
0.00
0.00
0.00
22307.85
67763.09
93232.62
114435.56
49220.94
0.00
0.00
0.00
0.00
0.00
0.00
0.00
0.00
0.00
0.00
0.00
0.00
0.00
0.00
0.00
0.00
0.00
0.00
0.00
0.00
0.00
0.00
0.00
0.00
0.00
0.00
0.00
0.00
0.00
0.00
0.00
0.00
0.00
0.00
0.00
0.00
0.00
0.00
0.00
0.00
0.00
0.00
0.00
0.00
0.00
0.00
0.00
0.00
0.00
0.00
0.00
0.00
0.00
0.00
0.00
0.00
0.00
0.00
0.00
0.00
0.00
0.00
0.00
0.00
0.00
0.00
0.00
0.00
0.00
0.00
0.00
0.00
0.00
0.00
0.00
0.00
0.00
0.00
0.00
0.00
0.00
0.00
0.00
0.00
0.00
0.00
0.00
0.00
0.00
0.00
0.00
0.00
0.00
0.00
327.15
4559.63
0.00
0.00
0.00
0.00
0.00
0.00
0.00
0.00
0.00
0.00
0.00
0.00
0.00
0.00
0.00
0.00
0.00
0.00
0.00
0.00
0.00
0.00
0.00
0.00
0.00
0.00
0.00
0.00
0.00
0.00
0.00
0.00
0.00
0.00
0.00
0.00
0.00
0.00
0.00
0.00
0.00
0.00
0.00
0.00
0.00
0.00
22512.80
33429.74
24532.88
12474.07
36396.21
0.00
0.00
0.00
0.00
0.00
0.00
0.00
0.00
0.00
0.00
0.00
0.00
0.00
0.00
46405.83
75738.74
81961.94
81675.52
124218.12
166354.30
160779.06
107935.61
90536.88
89511.27
57261.25
47073.33
0.00
0.00
0.00
0.00
0.00
0.00
0.00
0.00
0.00
0.00
0.00
19192.08
51792.84
89865.04
108015.30
124714.93
140866.03
153295.65
124295.00
49441.00
20658.23
0.00
0.00
0.00
0.00
0.00
0.00
0.00
0.00
0.00
0.00
0.00
0.00
0.00
0.00
14242.25
48675.36
86026.83
105133.22
121304.48
160818.97
201203.08
191349.96
89413.89
57998.55
0.00
0.00
0.00
0.00
0.00
0.00
0.00
0.00
0.00
0.00
0.00
0.00
0.00
15043.56
51989.56
99546.40
102046.37
124445.74
144299.60
163818.53
203822.87
188766.35
161960.21
162465.77
154486.88
100982.91
112154.50
78220.00
43386.74
8214.11
0.00
0.00
0.00
0.00
0.00
0.00
9320.93
105858.13
124296.05
216805.02
248080.81
279959.82
331490.71
384592.12
414918.64
385279.51
347422.53
294953.94
239201.78
164410.49
173285.51
112538.35
70037.85
93089.28
0.00
0.00
0.00
0.00
0.00
60331.56
123816.55
160916.31
181927.88
225213.64
238357.91
275721.81
308700.62
318954.60
306155.53
258929.22
258528.80
168315.61
83427.69
17595.78
0.00
0.00
0.00
0.00
0.00
0.00
0.00
0.00
0.00
0.00
0.00
0.00
0.00
0.00
14484.16
39135.72
60706.03
104122.43
148664.14
146921.04
69258.77
19373.13
0.00
0.00
0.00
0.00
0.00
0.00
0.00
0.00
0.00
0.00
0.00
0.00
0.00
0.00
0.00
0.00
0.00
0.00
0.00
0.00
0.00
0.00
0.00
0.00
0.00
0.00
0.00
0.00
0.00
0.00
0.00
0.00
0.00
0.00
0.00
0.00
0.00
0.00
0.00
0.00
0.00
0.00
0.00
0.00
0.00
0.00
0.00
0.00
0.00
0.00
0.00
0.00
0.00
0.00
0.00
0.00
0.00
0.00
0.00
0.00
0.00
0.00
0.00
0.00
0.00
0.00
0.00
21490.28
45383.23
34520.42
0.00
0.00
0.00
0.00
0.00
0.00
0.00
0.00
0.00
0.00
0.00
0.00
0.00
0.00
0.00
0.00
0.00
0.00
0.00
0.00
0.00
0.00
0.00
0.00
0.00
0.00
0.00
0.00
0.00
0.00
0.00
0.00
0.00
0.00
0.00
0.00
0.00
0.00
0.00
0.00
0.00
0.00
0.00
0.00
0.00
0.00
0.00
0.00
0.00
0.00
0.00
0.00
0.00
0.00
0.00
0.00
0.00
0.00
0.00
0.00
0.00
0.00
0.00
0.00
0.00
0.00
0.00
0.00
0.00
0.00
5991.70
834.62
0.00
0.00
0.00
0.00
0.00
0.00
0.00
0.00
0.00
0.00
0.00
0.00
0.00
0.00
0.00
0.00
0.00
0.00
0.00
0.00
46309.21
96062.98
123345.94
110893.84
101458.57
85634.13
74742.92
75129.85
43493.97
0.00
0.00
0.00
0.00
0.00
0.00
0.00
0.00
0.00
0.00
0.00
0.00
28454.05
72442.46
120819.86
168610.12
196676.32
220692.11
219791.77
171753.50
128962.76
61112.37
49144.48
36016.76
0.00
0.00
0.00
0.00
0.00
0.00
0.00
0.00
0.00
0.00
0.00
0.00
65592.09
111710.91
162096.76
189519.24
214918.56
238485.14
254082.40
161696.39
169937.26
133903.81
117367.27
87138.58
72349.20
40170.47
0.00
0.00
0.00
0.00
0.00
6976.62
20584.46
44712.31
107140.27
155867.03
194638.87
212447.10
232123.64
248867.15
288886.59
283838.86
288965.55
273169.85
224946.47
157076.51
123538.96
88738.85
44101.52
5359.77
0.00
0.00
0.00
0.00
0.00
0.00
0.00
0.00
0.00
43517.82
110145.03
133853.07
183759.35
232208.49
259893.49
284640.44
260002.67
182752.04
153781.64
76775.59
21202.76
0.00
0.00
0.00
0.00
0.00
0.00
0.00
0.00
0.00
0.00
0.00
0.00
18056.38
90498.90
121498.62
152610.70
227525.29
260037.22
289715.15
312083.62
226643.44
179843.85
88342.66
24969.41
0.00
0.00
0.00
0.00
0.00
0.00
0.00
0.00
0.00
0.00
0.00
0.00
0.00
46644.41
98544.73
132001.84
161464.29
212792.52
263938.71
270707.08
167652.88
123828.15
53689.29
0.00
0.00
0.00
0.00
0.00
0.00
0.00
0.00
0.00
0.00
0.00
0.00
0.00
0.00
0.00
8773.61
61766.50
115051.14
168384.35
201115.09
209040.20
174746.33
129443.56
95761.95
61910.59
691.89
0.00
0.00
0.00
0.00
0.00
0.00
0.00
0.00
0.00
0.00
0.00
0.00
0.00
30777.41
58640.47
107044.70
133659.53
158170.13
182419.99
68681.54
59546.72
0.00
0.00
0.00
0.00
0.00
0.00
0.00
0.00
0.00
0.00
0.00
0.00
0.00
0.00
0.00
27124.14
38834.42
97343.63
115183.81
131445.44
146545.95
157705.43
153359.66
120197.58
46878.15
40704.98
0.00
0.00
0.00
0.00
0.00
0.00
0.00
0.00
0.00
0.00
0.00
0.00
0.00
0.00
13135.24
38384.13
82328.56
130202.82
154534.66
159169.38
124612.87
64243.89
0.00
0.00
0.00
0.00
0.00
0.00
0.00
0.00
0.00
0.00
0.00
0.00
0.00
0.00
0.00
0.00
0.00
0.00
0.00
0.00
0.00
0.00
0.00
0.00
0.00
0.00
0.00
0.00
0.00
0.00
0.00
0.00
0.00
0.00
0.00
0.00
0.00
0.00
0.00
0.00
0.00
0.00
0.00
0.00
0.00
0.00
0.00
0.00
0.00
0.00
0.00
0.00
0.00
0.00
0.00
0.00
0.00
0.00
0.00
0.00
0.00
0.00
0.00
0.00
0.00
0.00
0.00
0.00
0.00
0.00
0.00
0.00
0.00
0.00
0.00
0.00
0.00
0.00
0.00
0.00
0.00
0.00
0.00
0.00
0.00
0.00
0.00
0.00
0.00
0.00
0.00
0.00
0.00
0.00
0.00
0.00
0.00
0.00
0.00
0.00
0.00
0.00
0.00
0.00
0.00
0.00
0.00
0.00
0.00
0.00
0.00
0.00
0.00
0.00
0.00
2518.13
36195.86
86165.26
65310.36
0.00
0.00
0.00
0.00
0.00
0.00
0.00
0.00
0.00
0.00
0.00
0.00
0.00
0.00
0.00
0.00
0.00
0.00
52468.92
110991.29
123978.35
154549.81
177309.88
157911.89
167729.91
152289.45
104501.77
93428.55
65696.62
50014.93
49960.57
24048.88
13658.05
0.00
0.00
2302.61
11133.32
29409.58
68166.55
83173.88
137170.96
125083.72
137436.28
146528.48
155961.09
163711.46
168791.16
151863.75
154879.97
103829.46
75125.29
0.00
0.00
0.00
0.00
0.00
0.00
0.00
0.00
0.00
0.00
0.00
0.00
0.00
0.00
0.00
0.00
0.00
0.00
3867.37
12087.08
0.00
0.00
0.00
0.00
0.00
0.00
0.00
0.00
0.00
0.00
0.00
0.00
0.00
0.00
0.00
0.00
0.00
0.00
0.00
17000.88
64009.51
88745.67
134609.21
151238.18
89217.62
64537.48
51566.54
34092.04
4622.93
0.00
0.00
0.00
0.00
0.00
0.00
0.00
0.00
0.00
0.00
32309.57
93438.08
164613.52
195100.26
248857.80
279611.08
308360.47
357727.00
382834.98
331217.96
234361.26
129792.78
11319.34
0.00
0.00
0.00
0.00
0.00
0.00
0.00
0.00
0.00
0.00
0.00
0.00
0.00
21077.20
66536.02
114402.07
163552.20
191226.97
215534.92
235775.30
215693.02
176283.03
91362.42
34623.81
0.00
0.00
0.00
0.00
0.00
0.00
0.00
0.00
0.00
0.00
0.00
0.00
0.00
0.00
0.00
0.00
0.00
0.00
0.00
0.00
0.00
0.00
0.00
0.00
0.00
0.00
0.00
0.00
0.00
0.00
0.00
0.00
0.00
0.00
0.00
0.00
0.00
0.00
4293.56
33800.71
59321.38
61301.04
49545.57
15868.07
0.00
0.00
0.00
0.00
0.00
0.00
0.00
0.00
0.00
0.00
0.00
0.00
0.00
0.00
0.00
0.00
0.00
0.00
0.00
0.00
0.00
0.00
0.00
0.00
0.00
0.00
0.00
0.00
0.00
0.00
0.00
0.00
0.00
0.00
0.00
0.00
0.00
0.00
0.00
0.00
0.00
0.00
0.00
0.00
0.00
0.00
0.00
0.00
0.00
0.00
0.00
0.00
0.00
0.00
0.00
0.00
0.00
0.00
0.00
0.00
0.00
0.00
0.00
0.00
26412.86
85265.64
106362.33
129712.89
149531.62
168496.09
208435.42
201615.94
107915.04
43149.29
0.00
0.00
0.00
0.00
0.00
0.00
0.00
0.00
0.00
0.00
0.00
0.00
0.00
0.00
20707.31
71740.82
99804.27
150052.44
178021.12
228276.41
255625.23
278949.35
257904.21
244137.72
214316.11
198948.14
164089.50
108727.46
115301.47
90859.44
58591.36
36096.83
44666.15
85823.43
121168.26
167403.77
175148.21
194544.33
217053.32
253787.65
268468.85
283596.41
296320.73
309395.37
366883.85
358797.52
327817.03
317887.09
309048.31
292538.00
261124.34
246839.17
212988.34
175409.51
91840.34
73359.42
43786.27
86050.34
117380.37
132374.81
157684.69
220436.94
250503.81
308281.22
351928.84
375090.08
420346.71
443221.82
464692.59
459534.38
434280.64
380967.99
238140.18
225165.27
152186.29
120624.66
74644.03
49678.35
50152.08
0.00
0.00
0.00
0.00
20392.12
70629.04
86091.28
129601.26
216093.09
236497.18
283690.98
306353.78
352098.41
351943.03
368985.31
318945.34
207600.87
117024.55
0.00
0.00
0.00
0.00
0.00
0.00
0.00
0.00
0.00
0.00
0.00
0.00
0.00
0.00
0.00
11458.45
64048.99
93622.77
144660.55
196451.00
201847.20
131588.80
3672.25
0.00
0.00
0.00
0.00
0.00
0.00
0.00
0.00
0.00
0.00
0.00
0.00
0.00
0.00
0.00
0.00
0.00
32009.46
64505.53
94012.98
143595.72
147980.42
104438.56
79945.63
16236.98
0.00
0.00
0.00
0.00
0.00
0.00
0.00
0.00
0.00
0.00
0.00
0.00
0.00
0.00
42711.95
57736.47
74061.23
111761.46
151172.82
168925.77
184854.24
158779.37
81917.66
19531.06
0.00
0.00
0.00
0.00
0.00
0.00
0.00
0.00
0.00
0.00
0.00
0.00
0.00
0.00
61491.56
90035.01
141593.84
170040.56
173629.18
218563.32
262974.59
192287.30
162939.47
91600.97
0.00
0.00
0.00
0.00
0.00
0.00
0.00
0.00
0.00
0.00
0.00
0.00
0.00
16803.05
37191.22
57305.12
125329.50
197140.15
250017.32
280344.98
283456.90
267170.15
268764.57
246658.20
229132.32
225186.57
197410.25
167324.23
229122.98
237912.11
199972.56
169401.33
191147.35
251333.25
264742.34
271558.47
287828.98
312503.31
344182.63
380150.60
373316.71
384038.18
396185.83
405588.09
414049.36
401860.60
398509.29
382606.19
368859.94
260449.75
184445.98
130942.47
66389.82
101200.53
50281.24
4618.79
46687.65
62650.49
93279.71
69862.88
77388.37
118571.54
167091.36
177622.56
213122.22
227160.41
262868.38
277860.52
291067.36
291391.27
175210.07
193344.77
147157.03
107906.77
86786.00
56557.13
20477.98
8636.93
0.00
0.00
0.00
0.00
0.00
15915.29
29461.99
67161.34
123467.16
159061.18
178727.25
217237.51
236931.65
253242.68
268975.95
247833.39
201157.90
134073.07
18052.43
0.00
0.00
0.00
0.00
0.00
0.00
0.00
0.00
0.00
0.00
0.00
0.00
9309.29
52569.35
100016.30
104500.30
149605.03
172945.88
217722.67
237871.94
216157.52
131379.84
77067.65
23823.38
0.00
0.00
0.00
0.00
0.00
0.00
0.00
0.00
30573.04
79914.29
121383.53
171574.88
207764.55
275832.83
326167.44
356973.38
408047.16
460108.35
490074.05
492492.55
456945.22
408459.97
299048.94
261259.30
217548.37
169694.46
122981.76
77912.34
0.00
0.00
0.00
0.00
68252.94
108119.72
139604.56
186148.89
217640.14
255309.17
297055.51
320422.52
387465.53
389322.48
433390.72
452719.58
407587.31
333458.28
222219.48
109160.68
31511.05
0.00
0.00
0.00
0.00
0.00
0.00
0.00
0.00
0.00
0.00
69535.12
111290.85
180877.99
209715.26
239742.41
289098.49
340141.01
368755.53
395056.91
357951.84
262637.90
123074.41
27629.96
0.00
0.00
0.00
0.00
0.00
0.00
0.00
0.00
0.00
0.00
0.00
0.00
0.00
8403.89
57599.36
89745.00
117551.69
119832.12
140139.52
158147.88
135704.87
98724.33
22394.74
17239.98
3401.43
0.00
0.00
0.00
0.00
0.00
0.00
0.00
0.00
0.00
0.00
41266.53
96654.19
162175.42
187151.01
237456.77
263847.06
312088.56
338224.40
361653.03
342260.96
285922.05
129515.38
14515.20
0.00
0.00
0.00
0.00
0.00
0.00
0.00
0.00
0.00
0.00
0.00
0.00
0.00
59227.17
83357.36
107385.28
151729.96
199148.84
199634.80
219202.64
201100.86
86306.56
0.00
0.00
0.00
0.00
0.00
0.00
0.00
0.00
0.00
0.00
0.00
40594.86
54621.68
75871.63
105612.99
143598.54
160230.34
202800.18
198792.94
236681.61
300619.98
320786.26
307214.08
263429.06
230425.24
147751.77
92879.35
19304.75
5841.86
0.00
0.00
0.00
0.00
0.00
27581.86
98426.41
141429.47
193945.55
256275.19
308955.83
361749.57
394929.04
423890.57
475590.06
504170.83
506012.17
468062.18
407890.74
309628.18
218936.56
182428.81
106945.74
94171.96
104525.00
94071.68
55041.70
81934.74
111393.88
145598.51
180808.52
230589.56
275341.80
305052.34
363803.57
384199.47
429323.34
451683.87
495641.82
517717.72
536413.04
524522.12
441362.05
294670.58
185702.55
151986.72
108892.59
54498.99
12040.01
0.00
0.00
0.00
1823.17
64480.42
109680.75
168861.75
221010.40
262381.81
329614.09
357115.66
409306.52
460691.02
490617.90
542193.23
593085.20
543386.94
440585.76
330640.00
199021.88
96357.16
26325.53
0.00
0.00
0.00
0.00
0.00
0.00
0.00
29479.80
67145.31
119331.22
177871.26
248775.04
276515.09
307074.08
379982.38
411155.02
439236.34
464244.47
455474.27
425363.54
378422.32
310680.24
284024.27
234110.67
211401.86
178475.72
163317.37
132693.87
160266.99
162072.68
192177.41
198413.87
200340.55
202533.58
220288.03
222179.45
223944.89
227517.36
253710.42
259935.18
265162.41
269630.39
267317.57
260197.35
242442.67
193932.00
219954.16
205136.74
182809.64
200331.58
177806.57
209585.54
182538.28
252108.61
293448.90
314765.05
322448.46
365845.71
389049.77
449577.98
468696.14
535210.27
536649.48
578822.83
622921.06
669484.50
665096.12
550495.56
464069.54
374522.06
330457.66
301231.34
256927.56
186070.44
173048.19
144023.55
183947.39
283189.97
297737.74
318848.77
324515.81
365612.10
425996.28
498719.48
565783.98
606567.18
643711.01
678931.69
706374.47
709837.51
746961.91
737473.76
655955.51
589318.30
533093.71
453449.79
421298.72
351708.25
308439.78
298431.83
292190.20
355900.02
414576.77
460470.74
493819.75
543934.29
579198.93
666179.30
693320.64
721618.88
770396.15
820032.05
847160.96
894446.80
889711.18
886151.17
774884.30
706070.06
623343.53
533280.66
518831.19
448516.92
405070.12
402027.52
389315.02
450899.58
531193.53
573936.44
613098.02
637026.39
693941.61
760101.96
808620.83
838409.96
887948.06
892490.15
937155.93
957818.18
969456.55
895428.51
806079.53
754836.95
653019.22
588927.77
531851.90
483298.57
420035.21
410607.62
410317.60
466898.75
521817.49
564737.26
566865.71
613545.53
642254.51
703850.57
723807.53
768133.07
789111.64
833507.36
854257.50
896048.88
907338.90
844442.95
728853.21
628966.25
567726.68
508612.14
431119.84
359320.67
288388.05
252825.96
268291.08
317014.24
371651.20
403803.61
413239.01
453132.05
500901.49
540380.68
580920.61
602631.92
621908.52
616403.29
629197.13
639778.30
641408.82
596239.07
555292.32
502028.76
445433.77
373687.40
347083.95
287860.02
254766.71
204765.60
227297.12
283041.78
297140.77
312187.54
313670.30
327928.75
372311.34
404916.73
416454.07
455058.27
446821.66
458288.97
468581.79
500476.86
510324.39
523011.52
485533.66
466474.60
426555.97
414489.81
364093.80
348573.69
302031.63
297363.13
292865.67
317171.05
343386.55
350628.76
342981.66
356249.54
364267.00
389254.73
416413.52
426066.82
433845.35
441143.44
447329.71
452663.05
456549.67
462311.75
414173.46
356395.35
327065.33
294697.27
239715.31
196073.66
151614.23
103692.05
123901.28
167773.48
195987.83
210507.03
214237.28
225971.67
269154.53
296292.50
307239.21
343150.53
356159.98
370218.51
381686.43
392275.40
395706.08
393564.56
364120.22
317790.48
306006.86
283673.56
235389.52
199985.26
160721.27
122770.04
141062.36
211372.38
250527.50
313832.09
305682.19
369204.57
400537.69
464747.93
487763.18
534689.86
512614.06
529245.68
543575.67
532141.71
535727.10
508733.29
504451.01
456428.67
428146.35
375685.61
321421.15
286658.71
275915.35
234761.40
223584.79
250196.72
275374.06
284582.01
302673.61
312991.81
327505.04
354677.46
362106.42
369666.24
400255.03
409818.57
442185.28
452241.59
455371.21
467638.77
465469.36
420459.61
410410.35
406707.78
397804.53
375844.19
398119.43
403434.41
435285.60
452064.08
467221.73
501870.97
506417.76
520763.53
568331.09
597111.67
586820.59
574844.99
581611.90
564444.45
566636.12
567022.44
562340.82
540538.91
525734.00
498268.72
467003.91
427311.31
372894.43
285178.33
242800.63
186303.95
211885.56
218974.16
218588.01
224758.72
234259.67
265072.42
304508.40
331216.07
339186.20
349648.38
358237.51
389298.49
399750.24
408124.70
411894.86
419828.73
410906.14
402472.41
389462.68
350412.45
337645.64
299644.75
289112.78
268955.40
282480.07
288637.04
314282.13
322862.56
347090.67
361104.78
402365.87
453833.93
445005.45
456315.48
490350.04
550339.67
614804.57
636948.78
656443.85
652742.40
616622.34
569394.32
568244.76
548406.13
543997.07
428656.94
404031.24
395952.04
425303.37
505725.82
527911.05
567934.79
599245.41
646345.57
678083.14
739441.69
761170.97
784725.56
828872.42
850848.74
870928.27
889832.86
904429.34
898918.93
843989.13
767324.56
712013.34
593423.64
492876.00
400344.22
317218.76
309073.75
360744.98
362457.25
384612.26
413744.56
434560.22
465769.25
507059.90
516978.44
525237.96
536952.50
546288.71
555562.31
563665.00
568371.34
568979.02
541570.81
447934.80
448023.93
459764.45
444760.29
433458.62
422579.97
372248.98
379224.85
394591.21
423979.48
454435.50
489542.30
493043.64
511451.95
534441.43
587268.90
601596.96
616556.50
630091.02
642546.28
653874.17
662731.15
642523.89
677371.74
644580.23
622563.99
611373.83
593026.92
570951.55
525105.66
497610.44
474066.55
517903.02
549518.71
578675.54
612996.69
645875.24
691255.92
717226.60
753042.87
769708.07
763531.51
775554.43
786978.29
797864.24
783333.22
782081.96
766297.01
728868.52
678607.59
600746.30
513520.13
477119.67
403268.27
352382.48
321770.74
341879.40
380678.17
408487.90
387913.48
409506.78
414795.06
454531.27
478803.48
485203.97
494629.10
502383.23
509774.44
516293.71
544933.40
546319.14
545176.36
520983.86
473823.59
411765.42
389047.63
337989.79
299840.11
262936.92
256034.88
302244.56
345159.18
394681.49
461289.11
506282.19
573414.03
643426.09
718435.86
751155.52
808713.96
842286.27
873528.96
902396.30
927935.70
922747.57
950082.83
931507.70
868653.72
775226.73
692572.79
631146.50
554372.27
486783.03
458636.36
496799.04
521648.37
522555.80
526030.26
544847.31
571674.53
587481.23
592688.59
549109.26
549161.92
547136.42
546759.64
522062.03
493303.84
506937.02
503228.76
443187.84
338904.18
299564.67
227228.92
173378.57
121523.50
82456.91
86029.44
125496.86
153496.63
154839.39
187522.29
186449.27
191899.93
209956.60
257294.30
265927.48
300031.68
288800.14
296797.28
304529.22
333970.73
340577.97
349473.36
278814.43
210685.25
169742.92
108425.38
82097.63
15297.71
0.00
0.00
51940.41
86070.61
98578.38
140637.63
147487.65
163549.59
208089.68
267543.46
307278.14
354073.79
377421.01
397659.17
417653.46
433123.61
469073.58
467948.66
423680.06
386309.45
280720.29
158717.58
88363.64
12935.60
0.00
0.00
0.00
17570.48
43830.43
53711.13
74309.82
108541.28
157137.93
214676.15
208243.79
223315.63
235846.24
247627.82
259086.23
266742.66
272008.29
273543.14
223540.71
132967.72
98265.47
53299.44
27647.38
0.00
0.00
0.00
0.00
0.00
0.00
22907.47
26212.02
65558.50
89711.04
147328.69
165014.01
182532.17
198972.84
213521.10
250397.67
264822.54
273503.88
290568.65
292185.68
258607.04
216891.16
167868.95
101655.80
55678.88
20407.02
28916.01
112022.60
156718.86
174360.24
262808.68
278552.92
331834.86
390056.99
457583.38
509370.75
564410.97
596468.34
648984.12
679942.63
684330.28
698890.27
728652.40
686008.43
660681.45
590118.20
525296.92
463378.58
419291.30
379548.67
368607.57
360173.86
380247.38
378569.83
377859.04
344162.71
357908.04
394101.14
416247.36
418753.58
422176.99
425408.42
428439.21
431703.41
431955.14
428085.64
435053.28
426092.34
388583.88
340477.84
266398.20
236409.24
153337.81
105571.79
122736.24
133712.92
173663.40
200153.25
184699.96
176144.32
207180.84
196600.15
217060.59
218343.59
246493.36
252814.07
235361.18
237155.52
239514.37
238078.04
270804.21
251496.43
235054.97
161428.31
107165.01
41173.24
0.00
0.00
0.00
15053.19
22087.26
82006.25
143945.27
156123.45
198675.42
228257.45
243622.86
257829.72
274183.33
311668.35
327880.27
342640.14
356984.12
342236.09
354711.38
271510.70
201831.71
161700.55
114620.35
63949.93
0.00
0.00
0.00
0.00
0.00
33521.07
30826.01
59985.91
105390.18
150142.73
167483.00
205304.99
249327.17
293711.41
316348.44
334994.02
378454.55
393418.34
414721.40
356184.74
278271.07
208539.22
155975.19
121646.91
109393.02
63871.21
78682.39
146535.27
232375.65
256573.26
262370.81
296593.01
325705.59
359454.88
441887.58
443245.15
488523.47
510790.34
556244.08
577890.83
644269.28
663814.60
674047.60
635582.06
560200.46
477546.28
451423.77
394284.14
355493.09
336523.69
358876.14
411346.45
466521.97
466874.23
552175.96
545906.66
594476.65
644850.68
686250.47
730836.70
756292.13
801533.03
826745.47
847971.17
891097.47
908158.82
933867.74
919214.27
859786.93
767876.27
644780.53
595134.26
514553.72
455373.73
476859.27
527496.91
577782.49
642561.37
680361.42
701787.70
717869.00
746120.32
776106.21
789719.22
817832.31
840744.46
865814.23
881036.01
893303.76
918520.49
921109.66
925316.00
864378.70
764640.50
692512.79
600204.32
554813.30
526680.51
520667.43
527482.35
546524.12
570481.04
551626.53
562834.04
573035.46
584992.48
652056.38
683846.97
698183.37
733806.00
748035.62
761565.76
770809.92
778370.50
769951.37
719136.82
619280.59
538131.78
459597.55
423901.82
373906.45
290431.61
296130.58
386685.07
401711.77
452064.91
491548.67
507038.62
529622.71
578527.86
612484.67
629792.23
647702.48
686452.72
705226.54
698582.56
733729.94
745296.55
757924.78
646928.90
651127.71
584036.34
546507.30
472547.55
426719.31
401294.36
422138.66
468862.05
548576.89
572841.75
633235.08
649093.63
674040.54
701251.16
761998.06
782880.59
780629.05
749771.45
758416.20
741398.49
746315.31
747686.41
758941.48
710169.06
683632.19
648571.33
619032.13
597395.36
566373.51
556739.39
559276.05
585307.06
587994.14
567664.46
567231.04
556965.28
560744.98
563384.63
583846.61
582766.85
584929.84
586077.54
586917.52
586975.20
586639.37
580307.48
587414.63
606647.52
560636.84
490258.38
400395.95
361150.02
297723.50
226004.45
288808.02
298611.27
325950.82
351191.50
362223.05
411183.76
424201.58
429072.55
455709.80
487833.48
501697.01
490519.41
498294.86
528979.24
583534.40
593809.68
617712.31
596443.21
487631.80
395436.44
330144.36
262953.89
196786.34
143523.47
176790.17
237798.37
269149.48
301251.37
316040.82
345527.84
360320.11
404443.07
441241.49
456197.33
495671.91
513148.96
552658.10
570616.11
585332.90
616831.90
644268.13
601397.26
566208.14
484926.37
412385.15
350380.36
257479.69
261381.83
271960.08
324262.32
372280.96
410147.87
448774.16
479078.92
526417.07
584709.25
621633.66
666045.11
714417.32
740096.97
787732.98
812841.49
811564.95
846721.40
852640.21
760696.46
651930.39
563987.16
492421.56
450397.95
363520.75
341921.89
382379.92
387565.53
408542.80
439212.30
445431.45
471189.34
504281.30
527381.42
559127.31
593109.72
609231.63
622470.84
635931.44
646404.54
657542.13
661023.53
679865.65
687585.09
660549.32
651526.49
640299.35
607954.50
595080.19
593482.40
591268.46
617277.23
617444.94
621578.88
628817.85
621312.45
654598.57
690969.13
720872.69
729972.80
741056.99
773313.10
808361.55
799072.70
807386.68
814984.98
828678.22
798648.36
770101.73
732381.00
695637.54
615070.68
579316.57
550965.54
551013.34
570031.86
593867.09
613206.33
622238.16
619727.87
674559.88
691160.01
742669.70
754859.61
792306.67
783883.93
795175.87
805101.19
837063.19
844061.17
839428.28
771138.97
676493.32
628345.68
605180.76
600633.53
570761.27
554304.35
549056.58
552057.78
576520.69
580588.60
581824.19
603420.92
587140.24
615601.82
619364.03
642821.73
628100.12
653549.80
659633.38
664490.13
667740.43
710543.90
711043.98
687362.94
596482.68
558825.18
516601.97
451714.09
379939.11
315152.90
351566.06
377399.13
380527.30
384548.91
411535.76
430348.16
438844.82
458822.42
460711.56
486793.80
520138.29
553215.29
590611.65
582443.99
591596.33
597215.16
612695.77
614005.97
575819.24
581392.04
571341.80
541963.44
540347.16
436838.85
480808.58
498658.87
521366.44
530096.07
557970.48
608210.28
647253.13
646820.50
705878.66
721220.14
736949.32
750598.20
787330.54
826455.76
818712.50
850525.59
853672.76
858116.75
714806.69
653509.69
602309.13
607861.94
515224.77
477565.39
509556.81
585134.82
615339.71
629092.15
667435.33
676031.60
692653.55
714608.24
747712.22
783012.91
799542.87
813583.89
827396.03
839370.63
849604.22
853092.19
873402.07
878194.73
848400.43
813526.84
765258.84
709646.46
649359.63
582616.85
624918.29
671305.54
693232.15
722866.17
741337.90
756475.94
799887.79
849517.31
914109.40
963143.26
996509.08
1024372.33
1042449.05
1055620.73
1064072.46
1069928.44
1096264.55
1104569.60
1101905.56
1081396.05
1072808.45
1074563.46
1074519.87
1055971.05
1057171.84
1054132.22
1054046.69
1068095.34
1071750.67
1057692.02
1045069.90
1040117.53
1043135.56
1032818.83
1031515.40
1029192.16
1026337.11
1024415.91
1020867.21
1016873.12
1021937.88
1005685.25
962393.48
918985.01
863416.36
799347.95
736932.98
660723.64
704131.74
745003.15
766310.51
800036.22
813885.75
823467.84
832219.34
851393.79
877259.23
883622.98
893425.08
900909.50
907540.84
913912.65
919718.74
921884.99
935969.88
928636.81
891256.46
855359.17
800996.70
745593.97
685378.54
614263.77
662022.31
700785.01
726137.49
763669.33
779308.37
791641.72
802640.81
824598.45
852680.35
860426.17
872177.25
881306.96
889777.44
897046.35
904157.52
905005.41
919822.54
924692.80
890823.26
855577.93
806398.96
748523.49
688313.86
618010.18
658193.77
698412.40
725459.71
766332.14
794637.99
829217.18
867927.87
924104.07
980288.74
1010681.51
1033771.86
1049536.97
1063141.96
1075117.96
1085420.54
1093611.58
1109319.38
1124315.89
1122827.15
1098443.73
1093785.04
1090896.46
1093620.83
1073292.97
1072283.47
1071532.63
1068388.04
1089325.14
1102944.65
1108670.68
1127456.29
1149248.11
1180346.25
1191468.64
1201746.97
1204926.51
1207914.45
1208857.65
1209007.38
1204376.11
1220444.35
1224865.08
1216369.16
1183010.98
1171987.70
1164949.70
1158637.95
1135239.67
1129552.49
1123030.58
1119852.52
1135187.02
1152224.01
1160890.07
1188852.35
1223125.15
1263042.09
1284799.98
1309122.36
1330910.79
1347775.26
1369503.92
1381096.57
1379411.60
1419950.57
1408500.04
1306011.47
1310691.37
1292834.41
1260469.03
1229750.45
1232012.06
1230192.96
1252009.76
1249002.62
1252980.22
1253116.80
1246667.60
1245560.03
1247696.17
1269458.37
1268357.98
1279038.87
1286252.08
1285116.24
1279850.17
1271904.23
1261113.51
1270614.15
1271172.75
1260795.07
1226444.28
1210257.91
1198332.95
1193072.75
1168437.52
1159170.41
1150069.09
1138050.11
1140510.14
1132416.23
1125080.64
1116506.66
1175812.09
1196388.55
1198707.81
1227059.42
1258224.75
1268352.79
1277280.44
1285512.62
1289882.86
1306114.94
1298715.33
1274919.81
1266684.70
1223723.89
1190031.09
1175664.32
1174584.77
1178555.72
1177265.14
1169070.57
1170206.23
1168700.30
1160783.73
1162168.61
1165203.20
1184360.97
1182765.76
1184863.49
1185852.69
1162920.91
1160655.60
1157661.97
1152724.87
1163158.45
1145272.16
1101293.14
1074226.99
1034030.80
1017500.19
998004.06
997443.24
995704.32
994457.68
987639.93
987220.06
986310.30
974307.63
975170.61
1001089.02
1023092.19
1046534.11
1054085.58
1083111.06
1114662.97
1124898.46
1134207.17
1138894.72
1135672.18
1134784.38
1100958.03
1080449.61
1069495.05
1059790.94
1050469.53
1078913.41
1086300.14
1085303.91
1089181.23
1068643.22
1071379.11
1059096.09
1065092.69
1099123.25
1168367.09
1178296.27
1213293.08
1250112.53
1265114.43
1279876.96
1315076.75
1323523.60
1368925.24
1362256.16
1236494.95
1266107.69
1253311.77
1227125.77
1192425.42
1200682.60
1201053.01
1222895.57
1223495.22
1230596.99
1231317.56
1223751.38
1230345.33
1243326.94
1267205.46
1270077.35
1274899.89
1278717.63
1282123.59
1308779.26
1336566.26
1339072.26
1380823.16
1361578.79
1229418.47
1129661.60
1100972.94
1034807.07
981209.88
952392.87
1020668.97
1056842.02
1085141.53
1123112.18
1140171.68
1124058.55
1159660.75
1183918.95
1213965.63
1226023.56
1262523.22
1276852.65
1290424.52
1302363.76
1313010.19
1319758.24
1337166.08
1324206.18
1205589.73
1109183.39
1096811.10
1050990.61
967221.79
939975.43
989941.87
1014898.96
1047549.03
1054387.97
1068892.24
1071658.08
1111131.25
1131529.20
1160694.59
1170983.46
1183631.04
1194098.44
1181164.84
1186681.36
1190178.85
1212465.96
1232884.80
1213179.24
1100219.87
1053300.13
1075195.00
1088296.82
984217.76
987708.13
1046338.07
1078297.66
1088107.61
1101709.47
1115099.54
1118716.13
1111599.47
1116680.81
1116481.72
1094510.94
1088488.92
1083371.03
1081755.18
1079407.05
1078127.94
1073822.41
1084285.50
1070320.56
1032664.64
1015962.57
973163.18
957601.01
913263.81
909197.85
906188.82
897459.78
889779.82
888872.12
882102.33
873170.69
869079.51
917888.20
938949.89
988085.26
1022778.34
1035138.78
1093819.16
1134474.59
1130354.46
1187388.13
1218266.17
1230219.64
1205023.17
1183292.65
1080781.07
1056030.80
1037999.00
1093221.22
1125702.04
1125070.12
1156152.09
1165840.42
1176317.21
1172246.01
1187796.62
1200097.48
1225046.34
1231087.39
1239231.74
1245111.08
1274878.65
1283758.19
1290162.81
1290623.14
1332225.80
1344028.35
1345309.94
1323234.36
1294039.46
1230266.10
1223812.68
1218657.03
1213543.59
1226535.94
1249566.70
1248954.75
1274432.01
1280594.06
1298011.94
1322544.28
1347002.82
1376823.08
1388583.33
1398451.12
1431425.62
1442925.98
1476979.81
1483720.66
1481704.95
1443227.71
1393261.83
1377679.81
1338109.92
1326519.58
1316798.99
1310502.82
1301572.64
1268307.60
1258345.34
1228593.04
1214583.50
1174075.69
1140384.27
1134039.64
1164522.74
1179176.53
1175440.85
1195154.97
1218957.23
1221334.07
1222809.77
1219123.89
1231619.93
1236878.21
1206069.47
1162908.95
1138681.20
1114962.72
1089714.99
1092428.88
1069112.00
1063408.73
1103708.07
1128656.34
1114345.78
1062974.75
1082685.71
1114609.52
1137094.54
1162857.85
1171095.97
1177602.10
1183798.68
1212579.65
1197001.83
1194927.17
1190197.33
1211164.75
1205400.31
1202600.86
1190075.67
1181734.09
1181635.57
1183379.81
1187605.08
1188174.34
1165114.31
1186152.53
1186894.27
1179443.28
1188989.15
1194931.89
1217080.02
1218667.70
1244829.41
1250934.42
1257520.89
1262200.72
1266390.05
1264266.71
1277637.37
1280620.19
1227128.94
1195382.66
1167419.81
1100515.08
1071901.33
1084650.35
1098847.12
1122666.28
1126228.01
1131152.26
1140130.96
1134839.83
1140133.04
1156558.57
1181241.45
1185586.18
1214776.75
1223433.24
1207717.15
1234807.26
1241495.12
1244535.92
1261482.15
1256612.01
1251261.95
1224542.32
1187430.47
1134441.32
1093370.01
1062290.87
1050524.31
1039428.54
1026505.34
1018814.28
1011356.07
993649.57
961296.89
959875.28
967291.47
956143.15
928005.25
918501.58
909181.73
901226.12
892014.51
882678.13
888570.54
868988.25
854158.95
804352.17
813958.10
777215.46
767586.01
763869.42
760843.46
751665.70
744448.24
742520.42
744140.92
728928.68
728106.07
729565.95
746512.99
742611.82
743575.76
741394.44
764404.61
767231.65
767291.04
765625.62
777235.65
781005.21
776281.61
746431.66
734423.97
719800.39
718479.71
716275.23
712096.74
712135.75
701634.08
703048.71
725911.75
718698.83
724406.50
735377.55
754649.65
755688.33
760101.29
762365.20
765007.75
790723.08
794937.44
793409.14
831584.55
842212.83
839350.62
838824.76
837480.40
827170.05
831731.91
837002.97
838217.23
840701.46
837997.53
842968.40
866223.52
866759.11
875676.28
885449.45
912623.23
940073.83
950110.57
958641.78
965908.30
972660.82
1001800.22
1003183.62
1023750.39
1036290.45
1036396.13
1032937.73
1031215.90
1028309.04
1033355.30
1062086.00
1042210.53
1042190.84
1042922.39
1047301.77
1049778.41
1042696.48
1046223.18
1084257.15
1106743.14
1110241.52
1141491.01
1150033.62
1181614.96
1192139.44
1200088.59
1226590.24
1248049.00
1260476.82
1266879.92
1267460.68
1243935.87
1237697.32
1217081.17
1220732.16
1221217.42
1215931.01
1216627.81
1214971.46
1213253.21
1207866.76
1211181.81
1217317.70
1236826.30
1235558.89
1239135.58
1263860.94
1269282.61
1296021.35
1278410.71
1274428.39
1311926.71
1322210.00
1323598.63
1319836.26
1292965.97
1261660.59
1258549.42
1257830.50
1227260.86
1218412.88
1186744.84
1183240.05
1171998.86
1157907.10
1153744.60
1131852.46
1144976.86
1135713.43
1132033.50
1126967.54
1145378.40
1166967.69
1169027.29
1166129.68
1175746.50
1145727.75
1124817.81
1083749.67
1053198.91
1056791.01
1010708.29
1015452.28
1009940.16
982537.44
972862.46
967899.72
963876.62
949998.97
991016.82
1024072.86
1071469.08
1079084.52
1087938.94
1096213.39
1103696.60
1133440.94
1142281.65
1171414.17
1191124.22
1169816.63
1120230.00
1030548.23
893712.35
814756.57
736016.92
714658.45
768471.11
788057.12
806977.74
838353.86
849163.33
847106.03
856362.04
896521.23
923696.30
955103.25
969042.17
981086.52
1014965.28
1028214.34
1038462.02
1045565.00
1065529.09
1078783.80
991027.62
960498.72
863268.48
765276.74
690966.30
673586.12
769839.17
798728.80
806417.39
862482.47
855133.64
859336.78
871117.00
893939.61
944533.77
956538.56
970091.21
1005218.67
1042642.73
1058860.83
1095945.57
1105002.99
1132699.47
1150716.13
1179607.23
1144968.31
1113878.07
1062119.81
985141.53
961831.62
998299.84
1018468.33
1018364.18
1027610.01
1053054.64
1054414.38
1059081.39
1081168.50
1100215.95
1126872.42
1139027.79
1148236.84
1156885.49
1164020.82
1170814.13
1146459.46
1184206.23
1190903.63
1169671.64
1086633.17
1015518.03
999620.53
981735.84
980851.31
984058.27
962781.53
960122.50
961976.36
957787.16
953329.65
953432.59
961147.02
979889.51
1002700.28
1007752.43
1011876.11
1038639.89
1068452.37
1098574.05
1105269.26
1126583.43
1137120.87
1044179.02
971613.85
915226.09
940116.24
902283.18
919787.93
919730.90
918760.81
893713.00
914260.41
917660.44
959386.55
972013.53
987739.23
1036601.77
1046059.19
1058438.73
1091119.99
1081454.36
1089539.28
1093957.67
1095102.88
1114767.73
1121966.52
1081447.21
1011585.96
923461.07
877397.94
804332.49
812244.08
844933.49
843121.92
864077.47
867466.98
875138.97
897681.67
908052.84
923979.21
950840.05
956448.73
942855.63
946304.53
926830.46
903643.98
923985.94
945145.96
958709.13
928078.25
875711.70
823271.62
797368.97
742594.36
721411.52
725160.35
727223.56
698425.35
715693.05
714000.95
707378.33
677354.89
674397.71
680163.09
693511.19
687416.92
735116.91
763001.20
793785.54
803726.20
812141.98
817115.08
857517.39
864204.63
863181.28
852378.56
773792.86
702862.52
697836.65
687650.27
733361.83
762005.55
791857.77
825436.02
843658.23
822521.28
835376.53
828290.56
827991.83
851951.56
858606.38
840152.54
795961.24
790603.95
758815.97
772096.33
779824.42
778720.16
685962.14
647663.86
574800.66
551246.99
510197.34
495281.84
563825.90
575695.36
589417.60
621711.42
638659.52
639930.06
656721.21
678837.85
683730.07
689816.77
698873.69
706356.54
712984.89
695107.25
719921.91
719848.29
735182.88
741986.66
694603.11
600090.23
553541.47
527589.44
503297.27
518260.11
546410.21
571668.17
609320.33
644392.51
660530.75
673385.48
694075.65
737583.20
771091.83
785500.49
801855.66
839716.40
832923.51
845224.59
854335.96
836474.42
875126.04
889076.72
888726.89
862172.07
858544.10
824941.02
822803.22
823147.56
824163.46
842284.85
844493.90
845727.37
850905.59
844888.92
848062.49
857237.52
880497.26
882619.22
886462.40
889778.29
892968.22
894479.19
895513.80
916329.29
904831.03
908537.71
901091.26
836882.92
786781.94
749620.02
712756.70
725569.92
767467.94
773263.02
779673.01
785435.61
791980.24
793161.64
799490.43
793702.77
813222.31
814559.51
819483.12
845459.37
852638.94
858076.10
815254.56
782241.67
812349.59
813263.97
770285.25
736737.20
651038.69
610803.06
571506.62
558522.29
595450.38
621458.68
632825.07
639438.35
669565.17
696325.35
713406.45
732380.75
763901.90
773353.04
786580.35
796791.34
806893.15
816083.80
822936.46
806050.76
841257.79
862251.13
862672.48
860998.76
857118.59
833346.08
792843.24
792967.20
800238.94
824430.86
830352.91
878739.99
893911.69
915892.97
907591.99
921682.03
970740.89
979959.71
991988.76
1025781.63
1015226.12
1023464.26
1031098.33
1057552.53
1098981.90
1105421.75
1105589.43
1083156.81
1002666.76
946597.71
911251.33
915219.82
954605.33
980010.93
1007628.71
1041347.04
1056054.72
1082666.70
1101557.90
1145942.57
1179175.97
1192712.21
1208773.28
1222593.17
1235598.17
1247033.69
1278701.93
1264147.84
1280783.88
1298088.27
1274395.29
1264743.07
1218862.01
1137239.90
1072162.05
1069036.38
1094270.37
1118237.27
1139195.91
1144270.13
1146369.00
1169951.75
1175451.84
1197454.28
